-3.456210 0.051347 -1.902330
-3.456210 0.055272 -1.848680
-3.456190 0.047421 -0.869886
-3.456190 0.056581 -0.880354
-3.456190 0.074900 -1.432560
-3.456180 0.061815 -0.896057
-3.456180 0.070975 -0.951016
-3.456180 0.080134 -1.092340
-2.031770 -0.128349 -3.940540
-2.031520 -0.131420 -4.140890
-2.031310 -0.133723 -3.857330
-2.030850 -0.139097 -3.824960
-2.030530 -0.142936 -4.385920
-2.030330 -0.145239 -4.417510
-2.030120 -0.147542 -3.809550
-1.261800 0.044672 0.793952
-1.261780 0.068561 0.766649
-1.261750 0.082213 0.725695
-1.261660 0.106103 0.582356
-1.261450 0.129992 0.213771
-1.260950 0.116340 -0.673564
-1.260350 0.065148 -1.758840
-1.260270 0.044671 -1.902180
-1.260270 0.054909 -1.898770
-1.071830 0.004607 -1.863810
-1.071820 0.004607 -1.495180
-1.071820 0.004607 -1.125660
-1.071810 0.004607 -0.810132
-1.071800 0.004607 -0.567064
-1.071790 0.004607 -0.100213
-1.071780 0.004607 0.242479
-1.071770 0.004607 0.476865
-1.036540 0.000587 1.000510
-0.982352 -0.013460 -1.863820
-0.982342 -0.013460 -1.495190
-0.982332 -0.013460 -1.125660
-0.982324 -0.013460 -0.810134
-0.982318 -0.013460 -0.567066
-0.982305 -0.013460 -0.100215
-0.982296 -0.013460 0.242477
-0.982290 -0.013460 0.476863
-0.963204 0.070720 1.000500
-0.939082 0.092926 0.504176
-0.931461 -0.009941 1.000500
-0.891836 -0.029851 -1.863820
-0.891832 -0.039537 -1.495190
-0.891823 -0.039537 -1.125670
-0.891814 -0.039537 -0.810136
-0.891808 -0.039537 -0.567069
-0.891796 -0.039537 -0.100218
-0.891787 -0.039537 0.242474
-0.891780 -0.039537 0.476860
-0.884993 0.097353 1.000500
-0.871487 0.117618 0.504214
-0.861573 0.000488 1.649960
-0.842459 -0.035269 -1.864300
-0.838192 0.194640 -1.567540
-0.824967 -0.014241 1.000500
-0.822538 0.000465 -4.495160
-0.822516 0.000465 -3.661340
-0.822512 0.000465 -3.485490
-0.822500 0.000465 -3.027210
-0.822489 0.000465 -2.633740
-0.822478 0.000465 -2.208340
-0.818136 0.147757 0.236232
-0.812977 -0.119918 -1.863820
-0.812924 -0.060490 -1.125670
-0.812923 -0.041467 -1.495190
-0.812914 -0.057148 -0.810139
-0.812908 -0.059362 -0.567071
-0.812901 -0.066427 -0.100220
-0.812881 -0.048539 0.242472
-0.812869 -0.037243 0.476858
-0.811989 0.132043 -2.633740
-0.810415 0.157642 -1.151000
-0.810217 0.125650 -1.567520
-0.810104 0.063873 -1.890950
-0.809996 0.172691 -1.890950
-0.809842 0.129873 -2.208340
-0.809615 0.104045 -2.633750
-0.809444 0.051779 -3.027210
-0.809318 0.000459 -3.659530
-0.809304 0.017756 -3.485490
-0.805678 0.120703 1.000500
-0.804855 -0.119923 -3.661340
-0.804851 -0.119923 -3.485490
-0.804844 -0.060742 -4.495160
-0.804838 -0.119923 -3.027210
-0.804828 -0.119923 -2.633750
-0.804817 -0.119923 -2.208340
-0.804716 0.173559 -2.208340
-0.804027 0.142685 0.504251
-0.793882 0.087038 1.649950
-0.792087 0.211591 -1.567510
-0.778853 0.069105 -3.027210
-0.772067 0.155868 0.017241
-0.769186 0.200266 -1.150970
-0.768669 -0.024073 1.649910
-0.768528 0.000435 -3.659530
-0.768505 0.034335 -3.485490
-0.767631 0.192615 -1.890920
-0.760805 0.173491 -0.711821
-0.760140 0.174879 -0.290635
-0.757989 0.164455 0.236266
-0.746736 0.012337 -3.171430
-0.745751 0.004355 -3.693940
-0.745649 -0.001689 -2.954390
-0.744487 -0.015709 -2.869980
-0.743810 -0.023719 -2.845860
-0.742798 -0.025646 -4.333020
-0.742610 -0.119959 -3.661350
-0.742609 -0.037735 -2.829780
-0.742606 -0.119959 -3.485490
-0.742599 -0.060778 -4.495160
-0.742593 -0.119959 -3.027210
-0.742583 -0.119959 -2.633750
-0.742572 -0.119959 -2.208340
-0.742233 -0.031648 -4.415420
-0.737002 -0.119961 -1.863820
-0.736982 -0.100938 -1.495190
-0.736970 -0.098298 -1.125670
-0.736960 -0.093931 -0.810141
-0.736947 -0.082226 -0.567073
-0.736934 -0.079940 -0.100222
-0.736913 -0.061303 0.242470
-0.736901 -0.051066 0.476856
-0.736767 0.168327 0.504290
-0.736246 0.135791 -2.633750
-0.735625 0.192698 -2.208340
-0.727519 0.118622 1.649950
-0.727079 0.146429 1.000500
-0.719077 0.181827 0.017271
-0.718356 -0.012344 1.000500
-0.717936 0.222708 -1.567470
-0.715861 0.084427 -3.027210
-0.708815 0.208927 -1.150940
-0.706392 0.208451 -0.711790
-0.705872 0.193408 -0.290604
-0.704778 0.207351 -1.890890
-0.698878 0.184168 0.236299
-0.697165 0.000395 -3.659530
-0.697139 0.039738 -3.485490
-0.678700 -0.023689 1.649910
-0.668666 0.152342 -2.633750
-0.668403 0.190796 0.504329
-0.667914 0.207517 -2.208340
-0.666365 0.159951 1.649950
-0.665104 0.205000 0.017301
-0.658885 -0.120006 -1.863830
-0.658871 -0.112664 -1.495190
-0.658863 -0.115001 -1.125670
-0.658856 -0.118129 -0.810143
-0.658843 -0.106131 -0.567075
-0.658824 -0.093851 -0.100224
-0.658806 -0.077244 0.242468
-0.658791 -0.061797 0.476854
-0.656544 -0.120007 -3.661350
-0.656539 -0.120007 -3.485490
-0.656533 -0.060826 -4.495170
-0.656527 -0.120007 -3.027210
-0.656517 -0.120007 -2.633750
-0.656506 -0.120007 -2.208340
-0.655147 0.234828 -1.567430
-0.652564 0.182133 1.000500
-0.651961 0.212899 -0.290574
-0.651074 0.223109 -0.711759
-0.649470 0.227272 -1.150910
-0.647708 0.081568 -3.027210
-0.641145 0.207680 0.236332
-0.639221 0.225335 -1.890850
-0.626347 0.000355 -3.659530
-0.626317 0.045571 -3.485490
-0.613248 0.003356 -4.495170
-0.613225 0.006266 -3.661350
-0.612292 -0.014663 1.000500
-0.611003 0.227569 0.017332
-0.610097 0.207733 1.649950
-0.605113 0.236991 -2.208340
-0.604019 0.223166 0.504365
-0.602010 -0.001666 2.957800
-0.601957 0.092690 2.955610
-0.601387 0.170955 -2.633750
-0.598355 0.233215 -0.290544
-0.595731 0.249429 -1.150870
-0.594632 0.235169 -0.711726
-0.592514 0.258987 -1.567400
-0.590433 -0.135275 -1.863830
-0.590420 -0.128826 -1.495200
-0.590418 -0.156184 -0.810144
-0.590416 -0.138690 -1.125680
-0.590407 -0.147876 -0.567076
-0.590396 -0.149382 -0.100225
-0.590374 -0.128462 0.242467
-0.588688 -0.031515 1.649910
-0.588151 -0.102872 -3.661350
-0.588144 -0.052134 -4.495170
-0.588143 -0.119003 -3.027220
-0.588143 -0.098168 -3.485500
-0.588140 -0.084499 -3.661350
-0.588136 -0.124425 -2.633750
-0.588124 -0.123194 -2.208340
-0.585907 0.236615 0.236363
-0.583196 0.150813 2.955620
-0.582220 0.226089 1.000490
-0.580186 0.092388 -3.027220
-0.577332 0.252460 -1.890820
-0.562761 -0.118445 -3.485500
-0.562760 -0.137544 -3.027220
-0.562752 -0.141900 -2.633750
-0.562751 -0.093537 -3.661350
-0.562749 -0.157403 -2.208350
-0.560346 0.207663 2.955630
-0.558958 0.260882 1.649950
-0.556724 0.000315 -3.659530
-0.556688 0.055967 -3.485500
-0.555856 -0.208274 -0.810145
-0.555849 -0.208274 -0.567077
-0.555837 -0.208274 -0.100226
-0.555828 -0.208274 0.242466
-0.554142 0.243581 0.017365
-0.552910 -0.208275 -1.125680
-0.548597 -0.208277 -1.495200
-0.547346 0.267470 0.504397
-0.546877 0.258615 -0.290515
-0.540353 0.253984 -0.711696
-0.539864 -0.025592 2.957800
-0.539348 -0.075726 0.476851
-0.538213 0.264588 2.955640
-0.538098 -0.208283 -1.863830
-0.535950 0.262004 -2.208350
-0.535304 0.276650 -1.150840
-0.534091 0.254063 -2.633750
-0.532781 0.269051 0.236393
-0.532564 0.000302 3.501570
-0.532519 0.079846 3.501070
-0.531069 0.285951 -1.567360
-0.527007 -0.208290 -2.208350
-0.524890 0.285095 1.000490
-0.518710 -0.208295 -2.633750
-0.518473 -0.283651 -1.495200
-0.518463 -0.283651 -1.125680
-0.518455 -0.283651 -0.810146
-0.518448 -0.283651 -0.567078
-0.518436 -0.283651 -0.100227
-0.518427 -0.283651 0.242465
-0.515464 0.280446 -1.890780
-0.515062 0.234190 -3.027220
-0.515045 0.320271 1.649950
-0.513274 0.128378 3.501080
-0.511436 -0.283654 -1.863830
-0.509384 0.278573 0.017389
-0.509133 0.317875 2.955650
-0.506037 -0.023023 1.000490
-0.505600 -0.058126 1.649900
-0.503535 0.000285 -3.780510
-0.502138 -0.283659 -2.208350
-0.500791 -0.208304 -3.027220
-0.500252 0.291845 -0.290488
-0.499452 0.294338 -0.711673
-0.499233 -0.151659 -3.661350
-0.497384 -0.078458 -3.780510
-0.497201 0.079611 -3.780510
-0.495334 -0.188432 -3.485500
-0.493708 0.315502 0.504427
-0.493165 0.175852 3.501090
-0.492940 0.230113 -3.659540
-0.492936 0.230113 -3.485500
-0.490892 -0.283666 -2.633750
-0.490886 0.303612 -2.208350
-0.481926 -0.056728 2.957800
-0.480823 0.000272 -3.769160
-0.480819 0.000272 -3.621540
-0.480406 0.302554 -1.150810
-0.479950 0.370998 2.955670
-0.478992 -0.155271 -3.780510
-0.478768 -0.223827 -3.661350
-0.478631 0.156380 -3.780510
-0.478579 -0.353884 -1.863830
-0.478390 0.300816 0.236425
-0.477628 -0.270787 -3.027220
-0.477272 -0.032860 3.501570
-0.475117 0.323776 -1.567330
-0.475026 -0.353886 -1.495200
-0.475016 -0.353886 -1.125680
-0.475008 -0.353886 -0.810147
-0.475002 -0.353886 -0.567079
-0.474989 -0.353886 -0.100229
-0.474980 -0.353886 0.242463
-0.474949 -0.074919 -3.769160
-0.474945 -0.074919 -3.621540
-0.474774 0.076019 -3.769160
-0.474770 0.076019 -3.621540
-0.473687 0.223388 3.501100
-0.473687 0.381406 1.649950
-0.470911 0.348034 1.000490
-0.470378 -0.255754 -3.485500
-0.470056 0.287775 -2.633750
-0.469148 -0.353889 -2.208350
-0.467136 -0.220525 1.003490
-0.463471 0.316494 0.017415
-0.461905 0.000262 -4.056840
-0.461484 0.282133 -3.027220
-0.460773 0.319636 -1.890750
-0.457388 -0.148266 -3.769160
-0.457384 -0.148266 -3.621540
-0.457043 0.149326 -3.769160
-0.457039 0.149326 -3.621540
-0.456263 -0.071969 -4.056840
-0.456095 0.073026 -4.056840
-0.456087 0.331722 -0.711648
-0.455289 0.327528 -0.290463
-0.454336 0.000257 -4.087120
-0.453897 -0.341581 -2.633750
-0.453108 -0.044348 1.003490
-0.450537 0.290393 -3.659540
-0.450532 0.290393 -3.485500
-0.448813 -0.228261 -3.780520
-0.448785 -0.070790 -4.087120
-0.448619 0.071829 -4.087120
-0.448283 0.229301 -3.780520
-0.448092 0.267884 3.501120
-0.447306 -0.286344 -3.661350
-0.442982 0.000250 -4.185540
-0.442617 -0.331064 -3.027220
-0.440395 0.000249 4.376250
-0.440373 0.038670 4.376250
-0.440349 0.081519 4.376250
-0.439906 0.416290 2.955680
-0.439391 -0.142430 -4.056840
-0.439194 0.000248 -4.075770
-0.439194 0.000248 -4.064410
-0.439060 0.143446 -4.056840
-0.437876 0.360940 0.504458
-0.437571 -0.069020 -4.185540
-0.437410 0.070033 -4.185540
-0.435596 -0.317165 -3.485500
-0.435132 0.346514 -1.150780
-0.434237 0.443738 1.649940
-0.433996 0.343695 0.236449
-0.433829 -0.068429 -4.075770
-0.433829 -0.068429 -4.064410
-0.433669 0.069435 -4.075770
-0.433669 0.069435 -4.064410
-0.433348 -0.246423 1.517880
-0.432191 -0.140093 -4.087120
-0.431865 0.141095 -4.087120
-0.431160 -0.405363 -2.633750
-0.430933 -0.074842 3.501560
-0.430688 0.339538 -2.208350
-0.428570 -0.217963 -3.769160
-0.428567 -0.217963 -3.621540
-0.428064 0.218956 -3.769160
-0.428060 0.218956 -3.621540
-0.426994 -0.093469 2.957800
-0.425300 0.121153 4.376240
-0.424803 0.368418 -1.567300
-0.422409 0.312243 3.501130
-0.421904 0.340705 -2.633760
-0.421412 0.414116 1.000490
-0.421391 -0.136591 -4.185540
-0.421075 0.137567 -4.185540
-0.420345 -0.081372 1.517890
-0.417789 -0.135423 -4.075770
-0.417788 -0.135423 -4.064410
-0.417782 -0.078010 1.649900
-0.417473 0.136392 -4.075770
-0.417472 0.136392 -4.064410
-0.414061 0.347212 0.017444
-0.413151 -0.377290 -3.485500
-0.413144 -0.388255 -3.027220
-0.413143 -0.423990 -2.208350
-0.413137 -0.346215 -3.661350
-0.413134 -0.423965 -1.863830
-0.413124 -0.423968 -1.495200
-0.413114 -0.423945 -1.125680
-0.413106 -0.423938 -0.810149
-0.413100 -0.423951 -0.567081
-0.413087 -0.423955 -0.100230
-0.413078 -0.423964 0.242462
-0.412836 0.365924 -0.290439
-0.411709 -0.209382 -4.056840
-0.411487 0.331986 -3.027220
-0.411222 0.210336 -4.056840
-0.409640 0.365365 -0.711622
-0.409526 -0.051467 4.372420
-0.407983 0.362162 -1.890720
-0.407590 -0.295633 -3.780520
-0.406903 0.296576 -3.780520
-0.404962 -0.205950 -4.087120
-0.404483 0.206887 -4.087120
-0.403554 0.345113 -3.659540
-0.403550 0.345113 -3.485500
-0.403120 0.157224 4.376240
-0.401405 -0.261137 1.800140
-0.399464 -0.023024 1.000490
-0.396195 0.391641 0.236470
-0.394844 -0.200801 -4.185540
-0.394377 0.201716 -4.185540
-0.394121 0.012234 4.724940
-0.394102 0.046228 4.724940
-0.392942 0.505252 1.649940
-0.392205 -0.363665 1.003530
-0.391467 -0.199085 -4.075770
-0.391467 -0.199085 -4.064410
-0.391004 0.199992 -4.075770
-0.391004 0.199992 -4.064410
-0.390139 -0.024527 4.725160
-0.389535 0.390469 -1.150760
-0.389367 -0.108495 1.800140
-0.389206 -0.282295 -3.769160
-0.389202 -0.282295 -3.621540
-0.389107 0.079827 4.724940
-0.388551 0.283197 -3.769160
-0.388547 0.283197 -3.621540
-0.388223 0.444916 2.955710
-0.387470 -0.120546 3.501560
-0.387167 0.350065 3.501140
-0.383985 0.408634 0.504489
-0.383912 0.194741 4.376240
-0.383624 -0.240465 2.014150
-0.383201 -0.097749 4.372420
-0.379908 0.386937 -2.208350
-0.377228 0.393977 0.017465
-0.376127 -0.123526 2.102700
-0.374284 0.113087 4.724940
-0.373896 -0.271183 -4.056840
-0.373266 0.272047 -4.056840
-0.372515 -0.423426 -3.485500
-0.372511 -0.438850 -3.027220
-0.372508 -0.451558 -2.633760
-0.372504 -0.396936 -3.661360
-0.372503 -0.462196 -2.208350
-0.371700 0.409155 -1.567270
-0.368049 0.401555 -0.290413
-0.367767 -0.266737 -4.087120
-0.367698 -0.122448 2.957800
-0.367246 0.403857 -0.711598
-0.367149 0.267588 -4.087120
-0.366946 0.476070 1.000490
-0.365823 0.383636 -2.633760
-0.363889 -0.380526 1.517930
-0.358579 -0.260068 -4.185540
-0.357975 0.260899 -4.185540
-0.357447 0.377905 -3.027220
-0.356776 -0.230195 2.020550
-0.356336 -0.355728 -3.780520
-0.356008 -0.144060 2.100700
-0.355668 0.143890 4.724940
-0.355512 -0.257845 -4.075770
-0.355512 -0.257845 -4.064410
-0.355511 0.356554 -3.780520
-0.354914 0.258668 -4.075770
-0.354914 0.258668 -4.064410
-0.354492 -0.485541 -1.863830
-0.354483 -0.485541 -1.495200
-0.354473 -0.485541 -1.125680
-0.354465 -0.485541 -0.810151
-0.354458 -0.485541 -0.567083
-0.354446 -0.485541 -0.100232
-0.354437 -0.485541 0.242460
-0.354321 -0.071314 4.725160
-0.353884 0.402671 -1.890690
-0.351027 0.393257 -3.659540
-0.351022 0.393257 -3.485500
-0.350336 -0.160807 1.528670
-0.349430 0.218941 4.376240
-0.344036 -0.134544 4.372420
-0.341678 0.373968 3.501170
-0.340265 -0.339680 -3.769160
-0.340261 -0.339680 -3.621540
-0.339903 -0.206691 1.528680
-0.339728 0.427604 -1.150730
-0.339532 0.418946 0.236503
-0.339477 0.340468 -3.769160
-0.339473 0.340468 -3.621540
-0.339028 0.478109 2.955730
-0.337100 -0.385155 1.800170
-0.336998 0.552681 1.649940
-0.332492 -0.150331 3.501560
-0.332375 0.432467 0.017490
-0.331797 0.457864 0.504519
-0.329678 0.000186 -4.840080
-0.329427 0.000186 -4.257460
-0.327933 -0.071074 1.649900
-0.326880 -0.326307 -4.056840
-0.326613 0.164369 4.724940
-0.326143 -0.500753 -2.633760
-0.326142 -0.458312 -3.485500
-0.326141 -0.478578 -3.027220
-0.326138 -0.443432 -3.661360
-0.326132 -0.500282 -2.208350
-0.326123 0.327063 -4.056840
-0.325651 -0.051359 -4.840080
-0.325531 0.052113 -4.840080
-0.325403 -0.051323 -4.257460
-0.325360 0.429967 -2.208350
-0.325283 0.052076 -4.257460
-0.324188 0.253093 4.376240
-0.322306 -0.346969 2.014180
-0.322119 0.007651 1.003570
-0.321524 -0.320958 -4.087120
-0.320779 0.321702 -4.087120
-0.320318 0.433288 -0.290387
-0.319871 -0.111566 4.725150
-0.319020 0.435404 -0.711571
-0.316496 0.000179 -4.831290
-0.315924 -0.142247 1.528690
-0.315312 0.445623 -1.567240
-0.313612 -0.101640 -4.840080
-0.313491 -0.312933 -4.185540
-0.313375 0.102368 -4.840080
-0.313372 -0.101568 -4.257460
-0.313136 0.102295 -4.257460
-0.312991 0.508631 2.762880
-0.312765 0.313659 -4.185540
-0.312630 -0.049304 -4.831290
-0.312514 0.050029 -4.831290
-0.310810 -0.310259 -4.075770
-0.310810 -0.310259 -4.064410
-0.310731 -0.157675 2.957800
-0.310122 0.428548 -2.633760
-0.310090 0.310979 -4.075770
-0.310090 0.310979 -4.064410
-0.309822 0.483927 3.038740
-0.308211 0.464835 3.142070
-0.306706 0.502606 2.955740
-0.306399 0.480828 3.142300
-0.303428 0.529015 1.000490
-0.303008 0.522662 2.647280
-0.301930 0.446155 -1.890660
-0.301073 -0.097575 -4.831290
-0.300846 0.098272 -4.831290
-0.300144 0.419466 -3.027220
-0.299946 -0.328905 2.020580
-0.298919 -0.032655 1.517960
-0.298386 0.187124 4.724940
-0.298379 0.401684 3.501190
-0.296315 -0.407068 -3.780520
-0.295493 -0.153560 4.372420
-0.295395 0.458331 3.224560
-0.295370 0.407753 -3.780520
-0.293857 -0.149421 -4.840080
-0.293632 -0.149314 -4.257460
-0.293510 0.150101 -4.840080
-0.293367 -0.021199 1.000490
-0.293285 0.149993 -4.257460
-0.292933 0.460813 0.236529
-0.292211 0.280739 4.376240
-0.289982 0.430530 -3.659540
-0.289977 0.430530 -3.485500
-0.286159 0.545397 2.443980
-0.286059 -0.310647 1.528710
-0.285309 -0.116477 2.184440
-0.284283 -0.544167 -1.863830
-0.284273 -0.544167 -1.495200
-0.284263 -0.544167 -1.125680
-0.284255 -0.544167 -0.810153
-0.284249 -0.544167 -0.567085
-0.284236 -0.544167 -0.100234
-0.284227 -0.544167 0.242458
-0.283938 0.455214 -1.150700
-0.282951 -0.388703 -3.769170
-0.282947 -0.388703 -3.621540
-0.282711 -0.487005 1.003590
-0.282107 -0.143443 -4.831290
-0.282067 0.549652 2.383740
-0.282049 0.389358 -3.769170
-0.282046 0.389358 -3.621540
-0.281775 0.144097 -4.831290
-0.281542 -0.135700 4.725150
-0.280456 0.460393 0.017519
-0.280426 -0.088148 2.184440
-0.276952 -0.063442 1.800210
-0.276327 0.595078 1.649940
-0.275096 -0.181196 3.501560
-0.273995 0.471060 -0.711545
-0.273249 0.466339 -0.290360
-0.271823 -0.373400 -4.056840
-0.271140 0.624114 2.764580
-0.271089 0.496729 0.504553
-0.270957 0.374030 -4.056840
-0.267370 -0.367279 -4.087120
-0.266872 -0.193523 -4.840080
-0.266666 -0.193384 -4.257460
-0.266517 0.367897 -4.087120
-0.266422 0.194140 -4.840080
-0.266217 0.194002 -4.257460
-0.265714 0.204703 4.724940
-0.265705 0.466579 -2.208350
-0.262392 -0.496078 1.517980
-0.260841 0.439140 3.448110
-0.260690 -0.358098 -4.185540
-0.260468 0.607568 3.144170
-0.259860 0.358700 -4.185540
-0.259038 0.482543 -1.567210
-0.258722 0.564420 2.196570
-0.258460 -0.355037 -4.075770
-0.258460 -0.355037 -4.064410
-0.257961 0.616169 2.384720
-0.257637 0.355634 -4.075770
-0.257636 0.355634 -4.064410
-0.256430 0.435033 3.477760
-0.256202 -0.185781 -4.831290
-0.255771 0.186375 -4.831290
-0.254468 -0.039890 5.526190
-0.254455 -0.018049 5.526190
-0.253720 0.000143 -4.189330
-0.253267 0.297020 4.376240
-0.252944 0.431751 3.501210
-0.251909 -0.063509 5.526330
-0.251246 0.003538 5.526190
-0.251032 0.430118 3.513970
-0.251012 0.469121 -2.633760
-0.250621 -0.039525 -4.189330
-0.250529 0.040104 -4.189330
-0.249865 -0.005200 1.003610
-0.248903 0.448912 3.514250
-0.248208 -0.173870 4.372420
-0.247675 -0.172653 2.957790
-0.244399 0.480983 -1.890630
-0.243135 -0.492019 1.800230
-0.243029 0.497348 0.236557
-0.241721 0.024908 5.526190
-0.241356 -0.078219 -4.189330
-0.241174 0.078778 -4.189330
-0.240738 0.458627 -3.027220
-0.239104 0.580701 1.000490
-0.238338 -0.073604 1.649900
-0.235787 -0.162922 4.725150
-0.235431 -0.155834 1.528740
-0.235066 0.224963 4.724940
-0.233321 -0.232861 -4.840080
-0.233139 -0.232694 -4.257460
-0.232781 0.233401 -4.840080
-0.232599 0.233234 -4.257460
-0.231970 -0.439763 2.014230
-0.231945 -0.044694 1.518000
-0.231875 0.594579 2.031250
-0.229762 0.044698 5.526190
-0.229346 0.485190 -1.150670
-0.229002 -0.448387 -3.780520
-0.228895 -0.093568 5.526330
-0.227961 0.448917 -3.780520
-0.227364 0.486319 0.017549
-0.226154 -0.114988 -4.189330
-0.225887 0.115512 -4.189330
-0.225525 0.462037 -3.659540
-0.225521 0.462037 -3.485500
-0.223994 -0.223546 -4.831290
-0.223958 0.601622 2.006530
-0.223653 0.498986 -0.711517
-0.223542 -0.538172 -2.633760
-0.223535 -0.507339 -3.027220
-0.223534 -0.484724 -3.485500
-0.223530 -0.468263 -3.661360
-0.223529 -0.534775 -2.208350
-0.223474 0.224064 -4.831290
-0.221051 0.489211 -0.290330
-0.219521 0.605259 1.996700
-0.218675 -0.428160 -3.769170
-0.218671 -0.428160 -3.621540
-0.217681 0.428664 -3.769170
-0.217678 0.428664 -3.621540
-0.216830 -0.127174 2.184480
-0.215831 -0.098444 2.184480
-0.215059 -0.416520 2.020630
-0.214946 -0.074576 1.800240
-0.214905 -0.185786 3.501560
-0.214189 0.635419 1.649940
-0.212173 0.307309 4.376240
-0.211583 0.551895 3.515760
-0.211205 0.536829 0.504588
-0.211094 0.057855 5.526190
-0.210077 -0.411303 -4.056840
-0.209123 0.411789 -4.056840
-0.207156 0.416870 3.643830
-0.206763 -0.119429 5.526330
-0.206636 -0.404560 -4.087130
-0.205822 0.612912 1.952730
-0.205697 0.405038 -4.087130
-0.205451 0.239294 4.724940
-0.205387 -0.148927 -4.189330
-0.205042 0.149403 -4.189330
-0.204538 0.499804 -2.208350
-0.203527 -0.406155 1.528750
-0.202314 -0.202973 4.372410
-0.201475 -0.394446 -4.185540
-0.200559 0.394912 -4.185540
-0.199751 -0.391075 -4.075770
-0.199751 -0.391075 -4.064410
-0.199478 0.414951 3.666430
-0.198843 0.391537 -4.075770
-0.198843 0.391537 -4.064410
-0.196935 0.506525 -1.567180
-0.196774 0.728769 2.766120
-0.194030 -0.266468 -4.840080
-0.193877 -0.266277 -4.257460
-0.193412 0.266917 -4.840080
-0.193259 0.266725 -4.257460
-0.192958 0.072476 5.526190
-0.190611 -0.184506 4.725150
-0.189025 0.708111 3.145650
-0.187493 -0.013664 1.000480
-0.187209 0.715740 2.386190
-0.186517 0.497697 -2.633760
-0.186274 -0.255810 -4.831290
-0.185681 0.256240 -4.831290
-0.182136 -0.134936 5.526330
-0.181981 -0.181274 2.957790
-0.181966 0.511176 0.236592
-0.179567 -0.179202 -4.189330
-0.179553 0.503102 -1.890590
-0.179153 0.179616 -4.189330
-0.176656 0.518320 -1.150640
-0.174963 0.485132 -3.027230
-0.174230 0.511936 0.017580
-0.172880 0.410571 3.744020
-0.171966 0.083770 5.526190
-0.170770 0.246569 4.724940
-0.170686 0.315053 4.376240
-0.170037 0.519630 -0.711487
-0.166940 0.681865 2.007710
-0.164966 0.502571 -0.290299
-0.164430 0.499821 -3.659550
-0.164426 0.499821 -3.485510
-0.163254 0.614321 1.000480
-0.161206 -0.555689 -2.633760
-0.161203 -0.530774 -3.027230
-0.161203 -0.510653 -3.485510
-0.161199 -0.563114 -2.208360
-0.161195 -0.489973 -3.661360
-0.161188 -0.560209 -1.863840
-0.161179 -0.560209 -1.495210
-0.161169 -0.560209 -1.125690
-0.161161 -0.560209 -0.810156
-0.161154 -0.560209 -0.567088
-0.161142 -0.560209 -0.100237
-0.161133 -0.560209 0.242455
-0.161114 0.409060 3.775540
-0.156055 -0.478671 -3.780520
-0.154944 0.479031 -3.780520
-0.154722 0.024558 -3.659550
-0.153613 -0.186687 3.501560
-0.153533 0.633589 3.516970
-0.152882 -0.223135 4.372410
-0.152739 -0.152425 5.526330
-0.152275 0.096787 5.526190
-0.151142 -0.178694 1.528780
-0.149968 -0.293515 -4.840080
-0.149845 -0.293306 -4.257460
-0.149332 -0.205065 -4.189330
-0.149286 0.293862 -4.840080
-0.149165 0.293652 -4.257460
-0.149018 -0.457077 -3.769170
-0.149014 -0.457077 -3.621540
-0.148948 -0.562102 1.003670
-0.148856 0.205409 -4.189330
-0.148370 -0.081522 1.649890
-0.147958 0.457421 -3.769170
-0.147954 0.457421 -3.621540
-0.146756 0.405158 3.815890
-0.145839 0.644079 1.751330
-0.143974 -0.281776 -4.831300
-0.143321 0.282108 -4.831300
-0.143163 -0.439081 -4.056850
-0.143123 0.652979 1.649940
-0.142763 0.558628 0.504626
-0.142145 0.439411 -4.056850
-0.141496 0.645421 1.742280
-0.140819 -0.431884 -4.087130
-0.139958 -0.196725 4.725150
-0.139817 0.432208 -4.087130
-0.138398 -0.566432 1.518050
-0.137588 0.518925 -2.208360
-0.137304 -0.421087 -4.185540
-0.136327 0.421403 -4.185540
-0.136127 -0.417487 -4.075770
-0.136127 -0.417487 -4.064420
-0.135159 0.417801 -4.075770
-0.135159 0.417801 -4.064420
-0.134737 0.250762 4.724940
-0.131854 0.525014 -1.567140
-0.130784 0.400244 3.861290
-0.128966 0.321765 4.376240
-0.128341 -0.557082 1.800290
-0.125792 -0.036677 1.003680
-0.125064 -0.148882 2.184530
-0.123714 -0.166293 5.526330
-0.123384 0.532802 0.236625
-0.122514 -0.495640 2.014300
-0.117943 0.529665 0.017611
-0.117452 0.000067 -4.170400
-0.117170 -0.098065 -3.661360
-0.116931 -0.074185 1.518060
-0.116698 -0.192713 2.957790
-0.116551 0.518120 -1.890550
-0.116130 0.397175 3.893530
-0.116105 0.522988 -1.150600
-0.116018 -0.018287 -4.170400
-0.115975 0.018556 -4.170400
-0.115422 -0.225880 -4.189330
-0.115236 -0.121868 2.184540
-0.114898 0.226146 -4.189330
-0.113993 0.446574 3.861980
-0.113614 -0.468308 2.020690
-0.113069 0.527428 -0.711454
-0.112574 0.526149 -0.290269
-0.111731 -0.036191 -4.170400
-0.111647 0.036449 -4.170400
-0.110966 0.110669 5.526190
-0.110959 0.510950 -2.633760
-0.109882 0.000062 -4.189330
-0.108541 -0.017108 -4.189330
-0.108501 0.017359 -4.189330
-0.108467 -0.101850 1.800300
-0.108093 0.505493 -3.027230
-0.107408 -0.460693 1.528810
-0.104698 -0.053204 -4.170400
-0.104573 0.053446 -4.170400
-0.104530 -0.033856 -4.189330
-0.104452 0.034098 -4.189330
-0.103127 0.795914 2.767110
-0.102216 -0.313340 -4.840080
-0.102128 -0.313116 -4.257460
-0.101719 0.521655 -2.738350
-0.101543 0.521655 -3.048610
-0.101489 0.313574 -4.840080
-0.101401 0.313351 -4.257460
-0.100361 -0.213765 4.372410
-0.099660 0.257051 4.724940
-0.099059 0.772619 3.146600
-0.098132 -0.300806 -4.831300
-0.098112 0.779624 2.387130
-0.097951 -0.049771 -4.189330
-0.097835 0.049997 -4.189330
-0.097435 0.301032 -4.831300
-0.096630 0.394699 3.935250
-0.095089 -0.068907 -4.170400
-0.094929 0.069127 -4.170400
-0.094227 -0.208717 3.501550
-0.091169 -0.174143 5.526330
-0.089978 0.505854 -3.659550
-0.089973 0.505854 -3.485510
-0.088961 -0.064461 -4.189330
-0.088812 0.064668 -4.189330
-0.087939 -0.205939 4.725150
-0.087816 0.113363 5.526190
-0.087480 0.738839 2.008550
-0.087414 0.329916 4.376240
-0.086108 0.666007 1.649930
-0.084211 0.636103 1.000480
-0.083142 -0.082914 -4.170400
-0.082950 0.083106 -4.170400
-0.082680 0.490641 3.862630
-0.080977 -0.014917 1.000480
-0.080598 0.666480 1.633090
-0.080430 0.686005 3.517740
-0.079268 -0.497171 -3.780530
-0.078674 -0.241134 -4.189330
-0.078116 0.497354 -3.780530
-0.078115 0.241316 -4.189330
-0.077786 -0.077565 -4.189330
-0.077606 0.077745 -4.189330
-0.075696 -0.474743 -3.769170
-0.075692 -0.474743 -3.621550
-0.074596 0.474917 -3.769170
-0.074592 0.474917 -3.621550
-0.072842 0.387558 3.989140
-0.072728 -0.456052 -4.056850
-0.072558 0.574215 0.504666
-0.071894 0.667607 1.614670
-0.071671 0.456219 -4.056850
-0.071539 -0.448576 -4.087130
-0.071165 0.673243 1.633190
-0.070498 0.448740 -4.087130
-0.070167 0.521638 -3.664690
-0.069755 -0.437362 -4.185550
-0.069194 0.559343 -2.633760
-0.069157 -0.433623 -4.075770
-0.069156 -0.433623 -4.064420
-0.069152 -0.094880 -4.170400
-0.068933 0.095040 -4.170400
-0.068741 0.437522 -4.185550
-0.068152 0.433782 -4.075770
-0.068151 0.433782 -4.064420
-0.067868 0.540891 -2.208360
-0.067092 0.571716 -3.659550
-0.067088 0.571716 -3.485510
-0.066855 0.539090 -1.567100
-0.066088 0.667242 1.604440
-0.065489 -0.204290 1.528830
-0.065279 0.117404 5.526190
-0.064903 0.257776 4.724940
-0.064699 -0.088760 -4.189330
-0.064493 0.088908 -4.189330
-0.064346 -0.084164 6.183580
-0.063627 0.564875 -3.027230
-0.063529 -0.073168 6.183580
-0.062861 0.546751 0.236660
-0.060600 -0.564886 -2.633760
-0.060597 -0.540971 -3.027230
-0.060596 -0.508881 -3.661360
-0.060595 -0.516275 -3.485510
-0.060594 -0.574396 -2.208360
-0.060589 -0.580577 -1.863840
-0.060581 -0.583767 -1.495210
-0.060571 -0.583767 -1.125690
-0.060563 -0.583767 -0.810158
-0.060557 -0.583767 -0.567090
-0.060544 -0.583767 -0.100239
-0.060536 -0.585254 0.242453
-0.059415 0.537339 0.017645
-0.058197 -0.079250 1.649890
-0.058090 -0.062746 6.183580
-0.057871 -0.097755 6.183620
-0.057862 0.787477 -3.363860
-0.057761 0.787477 -3.542180
-0.057748 -0.180064 5.526320
-0.056726 0.531520 -0.290238
-0.056066 -0.208760 4.725150
-0.055455 0.537707 -0.711422
-0.054903 0.818538 -3.379020
-0.054803 0.818538 -3.555200
-0.053463 -0.104510 -4.170400
-0.053220 0.104635 -4.170400
-0.051952 -0.325450 -4.840090
-0.051899 -0.325217 -4.257460
-0.051197 0.325570 -4.840090
-0.051145 0.325337 -4.257460
-0.050598 -0.168748 2.184580
-0.050022 -0.097768 -4.189330
-0.049878 -0.312432 -4.831300
-0.049795 0.097884 -4.189330
-0.049692 -0.190926 2.957790
-0.049254 0.529216 -1.150570
-0.049154 0.312547 -4.831300
-0.048808 0.380526 4.044940
-0.048772 -0.055713 6.183580
-0.047149 -0.214526 4.372410
-0.046032 -0.108229 6.183620
-0.045315 0.331465 4.376240
-0.045053 -0.060138 1.003730
-0.043876 -0.140798 2.184580
-0.043248 0.518914 3.863040
-0.042947 0.117870 5.526190
-0.042653 0.538392 -1.890510
-0.042089 -0.096163 1.518110
-0.039992 -0.250455 -4.189330
-0.039728 0.787467 -3.896270
-0.039412 0.250546 -4.189330
-0.039178 -0.122175 1.800340
-0.038471 -0.049558 6.183580
-0.037665 0.818527 -3.905030
-0.037270 -0.181876 5.526320
-0.036460 -0.111569 -4.170410
-0.036202 0.111654 -4.170410
-0.034115 -0.104372 -4.189330
-0.033873 0.104450 -4.189330
-0.031240 -0.116168 6.183620
-0.030920 -0.207437 3.501550
-0.030003 0.521615 -4.147780
-0.028876 0.373762 4.044940
-0.028012 -0.046043 6.183580
-0.027567 2.353470 -4.514050
-0.027515 2.353470 -4.604850
-0.021588 0.264655 4.724930
-0.018563 -0.115881 -4.170410
-0.018333 2.353460 -4.785150
-0.018294 0.115925 -4.170410
-0.017372 -0.108406 -4.189330
-0.017121 0.108446 -4.189330
-0.017009 0.685282 1.633370
-0.016643 0.787454 -4.173930
-0.016444 -0.044337 6.183580
-0.015730 0.818515 -4.179350
-0.015118 0.122290 5.526190
-0.014537 -0.119654 6.183620
-0.007834 0.521603 -4.161070
-0.006578 2.353460 -4.926540
-0.003744 -0.043101 6.183580
-0.003069 0.331662 4.376230
-0.002440 0.368378 4.044940
-0.002145 0.122741 5.526190
-0.001397 0.265360 4.724930
-0.000840 0.638384 1.000480
-0.000634 0.573391 0.504707
-0.000533 -0.503436 -3.780530
-0.000513 -0.480724 -3.769170
-0.000511 0.547942 0.236695
-0.000510 -0.480724 -3.621550
-0.000506 -0.461798 -4.056850
-0.000499 -0.454228 -4.087130
-0.000491 -0.442872 -4.185550
-0.000486 -0.439087 -4.075780
-0.000485 -0.439087 -4.064420
-0.000412 -0.329551 -4.840090
-0.000400 -0.316369 -4.831300
-0.000400 0.537491 0.017678
-0.000395 -0.329315 -4.257470
-0.000392 -0.570834 -2.633770
-0.000389 -0.583119 -2.208360
-0.000388 -0.544784 -3.027230
-0.000387 -0.521173 -3.485510
-0.000386 -0.596406 -1.863840
-0.000383 -0.505597 -3.661370
-0.000380 -0.600664 -1.495210
-0.000363 -0.588126 -1.125690
-0.000353 -0.586215 -0.810160
-0.000347 -0.584749 -0.567092
-0.000333 -0.583298 -0.100241
-0.000331 -0.595672 0.242451
-0.000329 -0.253610 -4.189330
-0.000268 -0.588072 1.003750
-0.000223 0.540069 -0.290205
-0.000212 -0.117342 -4.170410
-0.000205 -0.109772 -4.189330
-0.000110 0.000000 -4.189330
-0.000096 0.000000 -3.659550
-0.000095 0.000000 -3.621550
-0.000035 -0.199648 2.957790
-0.000021 -0.198951 3.501550
-0.000006 -0.214447 4.372410
0.000002 0.528546 -0.711390
0.000004 -0.069629 1.649890
0.000018 -0.014808 1.000480
0.000044 -0.179087 5.526320
0.000049 0.109772 -4.189330
0.000059 -0.590762 1.518130
0.000061 0.117342 -4.170410
0.000095 -0.119407 6.183620
0.000108 -0.104210 6.364720
0.000162 -0.479555 1.528870
0.000189 -0.058976 1.003750
0.000247 0.524510 -1.150540
0.000252 -0.579584 1.800360
0.000258 0.253610 -4.189330
0.000305 -0.313444 1.528870
0.000333 0.316369 -4.831300
0.000352 0.329551 -4.840090
0.000359 0.528626 3.863180
0.000367 0.329315 -4.257470
0.000398 -0.206283 1.528870
0.000398 0.758411 2.008840
0.000413 0.704010 3.518000
0.000423 0.801570 2.387450
0.000437 0.818980 2.767450
0.000438 0.794779 3.146920
0.000440 -0.514967 2.014360
0.000462 2.353450 -4.026310
0.000469 -0.486220 2.020750
0.000487 -0.095075 1.518130
0.000499 0.538190 -1.567060
0.000531 0.439087 -4.075780
0.000532 0.439087 -4.064420
0.000534 0.442872 -4.185550
0.000554 0.454228 -4.087130
0.000565 0.461798 -4.056850
0.000579 0.787444 -2.405980
0.000579 0.818506 -2.432660
0.000582 0.692171 1.649930
0.000600 0.480724 -3.769170
0.000604 0.480724 -3.621550
0.000633 0.503436 -3.780530
0.000647 -0.121169 1.800360
0.000685 0.540900 -1.890490
0.000844 -0.169172 2.184600
0.000868 -0.140425 2.184600
0.000873 0.543157 -2.208360
0.001131 0.561363 -2.633770
0.001253 0.521597 -1.071750
0.001348 0.564935 -3.027230
0.001496 0.566005 -3.659550
0.001500 0.566005 -3.485510
0.002011 -0.204419 4.725150
0.004333 0.818503 -4.186900
0.004574 0.787441 -4.181560
0.007637 0.368993 4.044940
0.008206 0.521593 -4.161070
0.008986 2.353450 -4.926540
0.014727 -0.119672 6.183620
0.015546 0.122272 5.526190
0.016438 0.818496 -4.179360
0.016720 -0.044357 6.183580
0.016966 -0.108436 -4.189330
0.017216 0.108395 -4.189330
0.017317 0.787434 -4.173930
0.017871 0.685263 1.633370
0.018143 -0.115914 -4.170410
0.018412 0.115870 -4.170410
0.020747 2.353440 -4.785150
0.022136 0.264631 4.724930
0.028286 -0.046075 6.183580
0.029512 0.373730 4.044940
0.029939 2.353440 -4.604850
0.029995 2.353440 -4.514050
0.030375 0.521581 -4.147790
0.030870 -0.207471 3.501550
0.031434 -0.116204 6.183620
0.033715 -0.104430 -4.189330
0.033957 0.104352 -4.189330
0.036048 -0.111632 -4.170410
0.036306 0.111548 -4.170410
0.037354 -0.181918 5.526320
0.038387 0.818484 -3.905030
0.038741 -0.049602 6.183580
0.039136 -0.122219 1.800340
0.039340 -0.250523 -4.189330
0.039920 0.250431 -4.189330
0.040416 0.787421 -3.896270
0.042059 -0.096211 1.518100
0.043163 0.538343 -1.890510
0.043371 0.117820 5.526190
0.043832 -0.140848 2.184580
0.044039 0.518864 3.863040
0.045037 -0.060190 1.003720
0.045919 0.331413 4.376230
0.046234 -0.108281 6.183620
0.047137 -0.214580 4.372410
0.049034 -0.055769 6.183580
0.049085 -0.312518 -4.831300
0.049450 0.380470 4.044940
0.049632 -0.190982 2.957790
0.049632 -0.097854 -4.189330
0.049794 0.529160 -1.150570
0.049809 0.312402 -4.831300
0.049858 0.097738 -4.189330
0.050522 -0.168806 2.184570
0.051114 -0.325307 -4.257470
0.051135 -0.325539 -4.840090
0.051868 0.325186 -4.257470
0.051890 0.325419 -4.840090
0.053063 -0.104604 -4.170410
0.053306 0.104479 -4.170410
0.055543 0.818474 -3.555200
0.055653 0.818474 -3.379020
0.056027 0.537643 -0.711424
0.056078 -0.208824 4.725140
0.057312 0.531456 -0.290241
0.057834 -0.180128 5.526320
0.058085 -0.097819 6.183620
0.058193 -0.079315 1.649890
0.058344 -0.062811 6.183580
0.058467 0.787411 -3.542180
0.058578 0.787411 -3.363860
0.059822 -0.564954 -2.633770
0.059825 -0.541039 -3.027230
0.059826 -0.508949 -3.661370
0.059827 -0.516343 -3.485510
0.059828 -0.574464 -2.208360
0.059833 -0.580645 -1.863840
0.059841 -0.583835 -1.495210
0.059851 -0.583835 -1.125690
0.059859 -0.583835 -0.810162
0.059865 -0.583835 -0.567094
0.059878 -0.583835 -0.100243
0.059886 -0.585322 0.242449
0.060023 0.537272 0.017641
0.063493 0.546680 0.236656
0.063773 -0.073240 6.183580
0.064109 0.564803 -3.027230
0.064324 -0.088870 -4.189330
0.064531 0.088721 -4.189330
0.064576 -0.084236 6.183580
0.065339 -0.204364 1.528830
0.065443 0.257702 4.724930
0.065703 0.117330 5.526180
0.066928 0.667167 1.604440
0.067383 0.539014 -1.567110
0.067548 0.571640 -3.659550
0.067552 0.571640 -3.485510
0.068194 -0.433742 -4.075780
0.068195 -0.433742 -4.064420
0.068366 0.540815 -2.208360
0.068769 -0.095000 -4.170410
0.068780 -0.437481 -4.185550
0.068989 0.094840 -4.170410
0.069199 0.433583 -4.075780
0.069200 0.433583 -4.064420
0.069688 0.559265 -2.633770
0.069793 0.437321 -4.185550
0.070549 -0.448699 -4.087130
0.070565 0.521558 -3.664690
0.071589 0.448534 -4.087130
0.071728 -0.456177 -4.056850
0.072013 0.673162 1.633190
0.072736 0.667525 1.614660
0.072784 0.456009 -4.056850
0.073234 0.574133 0.504662
0.073492 0.387476 3.989130
0.074679 -0.474872 -3.769170
0.074683 -0.474872 -3.621550
0.075779 0.474698 -3.769170
0.075783 0.474698 -3.621550
0.077432 -0.077699 -4.189330
0.077612 0.077519 -4.189330
0.078037 -0.241270 -4.189330
0.078212 -0.497308 -3.780530
0.078596 0.241088 -4.189330
0.079364 0.497125 -3.780530
0.081013 -0.015009 1.000480
0.081391 0.685913 3.517730
0.081438 0.666388 1.633090
0.082780 -0.083057 -4.170410
0.082972 0.082865 -4.170410
0.083440 0.490547 3.862620
0.084985 0.636007 1.000480
0.086950 0.665909 1.649930
0.087955 -0.206039 4.725140
0.088017 0.329816 4.376230
0.088234 0.113263 5.526180
0.088422 0.738739 2.008540
0.088630 -0.064615 -4.189330
0.088779 0.064408 -4.189330
0.090358 0.505751 -3.659550
0.090363 0.505751 -3.485510
0.091263 -0.174247 5.526320
0.094175 -0.208825 3.501550
0.094750 -0.069071 -4.170410
0.094911 0.068850 -4.170410
0.097284 0.394590 3.935240
0.097359 -0.300974 -4.831300
0.097643 -0.049940 -4.189330
0.097759 0.049714 -4.189330
0.098056 0.300748 -4.831300
0.099120 0.779513 2.387120
0.100099 0.772507 3.146590
0.100200 0.256939 4.724930
0.100349 -0.213878 4.372410
0.101362 -0.313290 -4.257470
0.101420 -0.313515 -4.840090
0.101973 0.521541 -3.048620
0.102090 0.313055 -4.257470
0.102147 0.313279 -4.840090
0.102165 0.521540 -2.738360
0.104175 0.795797 2.767100
0.104252 -0.034036 -4.189340
0.104330 0.033794 -4.189340
0.104386 -0.053384 -4.170410
0.104510 0.053142 -4.170410
0.106966 -0.460814 1.528800
0.108290 -0.017294 -4.189340
0.108330 0.017044 -4.189340
0.108447 -0.101972 1.800300
0.108507 0.505371 -3.027230
0.109662 -0.000127 -4.189340
0.111382 0.110543 5.526180
0.111399 0.510824 -2.633770
0.111449 -0.036383 -4.170410
0.111533 0.036125 -4.170410
0.113156 0.526021 -0.290275
0.113188 -0.468436 2.020680
0.113629 0.527300 -0.711460
0.114703 0.446444 3.861970
0.114812 -0.226078 -4.189340
0.115214 -0.121998 2.184530
0.115335 0.225811 -4.189340
0.115767 -0.018488 -4.170410
0.115810 0.018218 -4.170410
0.116636 -0.192845 2.957790
0.116637 0.522856 -1.150610
0.116784 0.397043 3.893520
0.116866 -0.098197 -3.661370
0.116927 -0.074317 1.518060
0.117039 0.517988 -1.890560
0.117232 -0.000137 -4.170410
0.118545 0.529531 0.017605
0.122058 -0.495779 2.014290
0.123816 -0.166433 5.526320
0.124000 0.532662 0.236619
0.125010 -0.149024 2.184530
0.125802 -0.036821 1.003670
0.127805 -0.557228 1.800280
0.129562 0.321617 4.376230
0.131440 0.400094 3.861290
0.132366 0.524864 -1.567140
0.135193 -0.417720 -4.075780
0.135193 -0.417720 -4.064420
0.135271 0.250610 4.724930
0.136161 0.417406 -4.075780
0.136161 0.417406 -4.064420
0.136356 -0.421322 -4.185550
0.137334 0.421006 -4.185550
0.137836 -0.566588 1.518040
0.138059 0.518769 -2.208360
0.139859 -0.432125 -4.087140
0.139982 -0.196883 4.725140
0.140860 0.431801 -4.087140
0.142192 -0.439327 -4.056850
0.142318 0.645261 1.742270
0.143210 0.438997 -4.056850
0.143233 -0.282023 -4.831300
0.143423 0.558466 0.504618
0.143887 0.281690 -4.831300
0.143949 0.652817 1.649930
0.146661 0.643913 1.751330
0.147416 0.404992 3.815880
0.148032 -0.457333 -3.769180
0.148036 -0.457333 -3.621550
0.148364 -0.562270 1.003660
0.148366 -0.081690 1.649890
0.148756 -0.205321 -4.189340
0.149091 0.456989 -3.769180
0.149095 0.456989 -3.621550
0.149115 -0.293563 -4.257470
0.149206 -0.293774 -4.840090
0.149232 0.204976 -4.189340
0.149795 0.293217 -4.257470
0.149887 0.293427 -4.840090
0.151020 -0.178866 1.528780
0.152675 0.096615 5.526180
0.152857 -0.152599 5.526320
0.152860 -0.223309 4.372400
0.153585 -0.186861 3.501550
0.154435 0.633415 3.516960
0.154557 0.024382 -3.659550
0.155029 -0.478939 -3.780530
0.156140 0.478578 -3.780530
0.160438 -0.555871 -2.633770
0.160441 -0.530956 -3.027230
0.160441 -0.510835 -3.485510
0.160445 -0.563296 -2.208360
0.160449 -0.490155 -3.661370
0.160456 -0.560391 -1.863850
0.160465 -0.560391 -1.495220
0.160475 -0.560391 -1.125690
0.160483 -0.560391 -0.810164
0.160490 -0.560391 -0.567096
0.160502 -0.560391 -0.100245
0.160511 -0.560391 0.242447
0.161776 0.408876 3.775530
0.164002 0.614135 1.000480
0.164804 0.499634 -3.659550
0.164808 0.499634 -3.485510
0.165520 0.502383 -0.290307
0.167818 0.681675 2.007700
0.170589 0.519436 -0.711495
0.171274 0.314860 4.376230
0.171298 0.246376 4.724930
0.172352 0.083576 5.526180
0.173542 0.410375 3.744010
0.174810 0.511739 0.017570
0.175353 0.484934 -3.027240
0.177182 0.518120 -1.150650
0.179039 -0.179510 -4.189340
0.179453 0.179096 -4.189340
0.180023 0.502899 -1.890600
0.181932 -0.181480 2.957780
0.182274 -0.135142 5.526320
0.182558 0.510970 0.236582
0.185579 -0.256130 -4.831300
0.186172 0.255699 -4.831300
0.186943 0.497485 -2.633770
0.187531 -0.013876 1.000480
0.188145 0.715528 2.386180
0.189993 0.707897 3.145640
0.190651 -0.184722 4.725140
0.193193 -0.266612 -4.257470
0.193317 -0.266802 -4.840090
0.193330 0.072258 5.526180
0.193811 0.266162 -4.257470
0.193934 0.266353 -4.840090
0.197425 0.506301 -1.567190
0.197746 0.728545 2.766110
0.198862 -0.391419 -4.075780
0.198862 -0.391419 -4.064420
0.199769 0.390957 -4.075780
0.199769 0.390957 -4.064420
0.200142 0.414725 3.666420
0.200574 -0.394793 -4.185550
0.201489 0.394327 -4.185550
0.202314 -0.203203 4.372400
0.203147 -0.406386 1.528740
0.204911 -0.149282 -4.189340
0.204988 0.499572 -2.208370
0.205255 0.148805 -4.189340
0.205722 -0.404916 -4.087140
0.205971 0.239060 4.724930
0.206618 0.612678 1.952720
0.206661 0.404437 -4.087140
0.206917 -0.119665 5.526320
0.207820 0.416634 3.643820
0.209154 -0.411664 -4.056860
0.210107 0.411179 -4.056860
0.211450 0.057617 5.526180
0.211839 0.536591 0.504576
0.212393 0.551655 3.515750
0.212751 0.307069 4.376230
0.214693 -0.416762 2.020620
0.214879 -0.186028 3.501550
0.214956 -0.074818 1.800230
0.214996 0.635177 1.649930
0.215835 -0.098688 2.184470
0.216802 -0.127419 2.184470
0.217737 -0.428535 -3.769180
0.217741 -0.428535 -3.621550
0.218731 0.428029 -3.769180
0.218735 0.428029 -3.621550
0.220313 0.605011 1.996690
0.221590 0.488961 -0.290342
0.222794 -0.538424 -2.633770
0.222801 -0.507591 -3.027240
0.222802 -0.484976 -3.485520
0.222806 -0.468515 -3.661370
0.222807 -0.535027 -2.208370
0.223353 -0.223932 -4.831310
0.223871 0.223414 -4.831310
0.224181 0.498732 -0.711529
0.224745 0.601368 2.006520
0.225736 -0.115378 -4.189340
0.225857 0.461781 -3.659560
0.225861 0.461781 -3.485520
0.226002 0.114855 -4.189340
0.227916 0.486061 0.017537
0.228028 -0.448781 -3.780530
0.229069 0.448251 -3.780530
0.229080 -0.093828 5.526320
0.229835 0.484930 -1.150680
0.230102 0.044438 5.526180
0.231578 -0.440025 2.014220
0.231973 -0.044956 1.517990
0.232514 -0.233096 -4.257470
0.232655 0.594316 2.031240
0.232665 -0.233263 -4.840090
0.233053 0.232556 -4.257470
0.233205 0.232723 -4.840090
0.235335 -0.156101 1.528720
0.235568 0.224696 4.724930
0.235851 -0.163190 4.725140
0.238340 -0.073874 1.649890
0.239814 0.580429 1.000470
0.241001 -0.078636 -4.189340
0.241098 0.458353 -3.027240
0.241183 0.078076 -4.189340
0.242041 0.024634 5.526180
0.242671 -0.492295 1.800210
0.243605 0.497072 0.236545
0.244845 0.480705 -1.890640
0.247635 -0.172933 2.957780
0.248242 -0.174150 4.372400
0.249597 0.448630 3.514240
0.249913 -0.005482 1.003600
0.250333 -0.039955 -4.189340
0.250425 0.039376 -4.189340
0.251404 0.468837 -2.633770
0.251540 0.003254 5.526180
0.251704 0.429834 3.513960
0.252127 -0.063793 5.526320
0.253500 -0.000293 -4.189340
0.253618 0.431465 3.501200
0.253833 0.296734 4.376230
0.254712 -0.040178 5.526180
0.254725 -0.018337 5.526180
0.255627 -0.186223 -4.831310
0.256058 0.185630 -4.831310
0.257106 0.434743 3.477740
0.257632 -0.355482 -4.075780
0.257632 -0.355482 -4.064430
0.258455 0.354883 -4.075780
0.258456 0.354883 -4.064430
0.258785 0.615877 2.384710
0.259476 0.564127 2.196560
0.259502 0.482249 -1.567220
0.259852 -0.358546 -4.185550
0.260681 0.357943 -4.185550
0.261322 0.607273 3.144160
0.261519 0.438844 3.448090
0.261910 -0.496374 1.517970
0.266108 -0.193844 -4.257470
0.266117 0.466277 -2.208370
0.266194 0.204401 4.724930
0.266283 -0.193982 -4.840090
0.266520 -0.367739 -4.087140
0.266557 0.193226 -4.257470
0.266733 0.193364 -4.840090
0.267372 0.367121 -4.087140
0.270964 -0.373869 -4.056860
0.271677 0.496421 0.504539
0.271830 0.373239 -4.056860
0.271992 0.623806 2.764570
0.273761 0.466029 -0.290374
0.274491 0.470749 -0.711559
0.275075 -0.181508 3.501550
0.276974 -0.063756 1.800190
0.277089 0.594764 1.649920
0.280442 -0.088466 2.184430
0.280978 0.460075 0.017505
0.281606 -0.143930 -4.831310
0.281637 -0.136020 4.725140
0.281938 0.143276 -4.831310
0.282081 -0.389191 -3.769180
0.282085 -0.389191 -3.621560
0.282211 -0.487326 1.003580
0.282815 0.549332 2.383730
0.282983 0.388535 -3.769180
0.282987 0.388535 -3.621560
0.283567 -0.544489 -1.863850
0.283577 -0.544489 -1.495220
0.283587 -0.544489 -1.125700
0.283595 -0.544489 -0.810167
0.283601 -0.544489 -0.567099
0.283614 -0.544489 -0.100248
0.283623 -0.544489 0.242444
0.284394 0.454891 -1.150710
0.285293 -0.116799 2.184430
0.285787 -0.310970 1.528690
0.286905 0.545073 2.443960
0.290276 0.430202 -3.659560
0.290281 0.430202 -3.485520
0.292759 0.280409 4.376220
0.293149 -0.149820 -4.257470
0.293345 -0.149927 -4.840100
0.293395 -0.021531 1.000470
0.293467 0.460481 0.236513
0.293496 0.149140 -4.257470
0.293691 0.149247 -4.840100
0.295413 -0.407577 -3.780540
0.295549 -0.153894 4.372400
0.296084 0.457997 3.224540
0.296356 0.406892 -3.780540
0.298846 0.186786 4.724930
0.298962 -0.032993 1.517950
0.299019 0.401346 3.501170
0.299680 -0.329245 2.020570
0.300459 0.419126 -3.027240
0.300650 -0.098094 -4.831310
0.300876 0.097397 -4.831310
0.302336 0.445813 -1.890670
0.303740 0.522318 2.647260
0.304078 0.528671 1.000470
0.307109 0.480480 3.142290
0.307432 0.502258 2.955730
0.308901 0.464485 3.142050
0.310060 -0.310795 -4.075780
0.310060 -0.310795 -4.064430
0.310468 0.428196 -2.633770
0.310530 0.483575 3.038730
0.310708 -0.158027 2.957780
0.310780 0.310075 -4.075780
0.310780 0.310075 -4.064430
0.312290 -0.049844 -4.831310
0.312405 0.049119 -4.831310
0.312731 -0.313474 -4.185560
0.312974 -0.102109 -4.257470
0.313182 -0.102182 -4.840100
0.313208 0.101382 -4.257470
0.313418 0.101454 -4.840100
0.313457 0.312747 -4.185560
0.313711 0.508275 2.762860
0.315734 0.445265 -1.567260
0.315844 -0.142605 1.528670
0.316242 -0.000366 -4.831310
0.319476 0.435042 -0.711587
0.319993 -0.111930 4.725140
0.320756 -0.321512 -4.087140
0.320794 0.432924 -0.290403
0.321499 0.320766 -4.087140
0.322018 -0.347334 2.014160
0.322179 0.007285 1.003550
0.324704 0.252727 4.376220
0.325090 -0.051883 -4.257470
0.325210 0.051130 -4.257470
0.325307 -0.051920 -4.840100
0.325426 0.051167 -4.840100
0.325437 -0.501121 -2.633770
0.325438 -0.458680 -3.485520
0.325439 -0.478946 -3.027240
0.325442 -0.443800 -3.661370
0.325448 -0.500650 -2.208370
0.325732 0.429599 -2.208370
0.326104 -0.326870 -4.056860
0.326860 0.326114 -4.056860
0.327047 0.163999 4.724930
0.327939 -0.071444 1.649880
0.329203 -0.000381 -4.257470
0.329424 -0.000382 -4.840100
0.332341 0.457488 0.504501
0.332506 -0.150707 3.501540
0.332865 0.432091 0.017472
0.336758 -0.385537 1.800160
0.337710 0.552299 1.649920
0.339480 -0.340266 -3.769180
0.339484 -0.340266 -3.621560
0.339724 0.477725 2.955710
0.339749 -0.207075 1.528660
0.340018 0.418562 0.236485
0.340150 0.427219 -1.150750
0.340268 0.339478 -3.769180
0.340272 0.339478 -3.621560
0.342285 0.373580 3.501150
0.344114 -0.134934 4.372400
0.349908 0.218545 4.376220
0.350234 -0.161205 1.528650
0.351279 0.392859 -3.659560
0.351284 0.392859 -3.485520
0.353844 -0.485943 -1.863850
0.353853 -0.485943 -1.495220
0.353863 -0.485943 -1.125700
0.353871 -0.485943 -0.810169
0.353878 -0.485943 -0.567101
0.353890 -0.485943 -0.100250
0.353899 -0.485943 0.242442
0.354241 0.402269 -1.890710
0.354489 -0.071716 4.725140
0.354853 -0.258458 -4.075790
0.354853 -0.258458 -4.064430
0.355451 0.257634 -4.075790
0.355451 0.257634 -4.064430
0.355523 -0.356343 -3.780540
0.355955 -0.144464 2.100680
0.356079 0.143486 4.724920
0.356348 0.355517 -3.780540
0.356621 -0.230599 2.020530
0.357715 0.377499 -3.027240
0.357910 -0.260686 -4.185560
0.358513 0.259856 -4.185560
0.363537 -0.380937 1.517900
0.366119 0.383222 -2.633780
0.367093 -0.267370 -4.087140
0.367538 0.475654 1.000470
0.367666 0.403441 -0.711618
0.367711 0.266519 -4.087140
0.367714 -0.122864 2.957780
0.368489 0.401139 -0.290433
0.371851 -0.423847 -3.485520
0.371855 -0.439271 -3.027240
0.371858 -0.451979 -2.633780
0.371862 -0.397358 -3.661380
0.371863 -0.462617 -2.208370
0.372080 0.408735 -1.567290
0.373213 -0.271826 -4.056860
0.373842 0.270960 -4.056860
0.374660 0.112663 4.724920
0.376099 -0.123952 2.102680
0.377674 0.393549 0.017445
0.380230 0.386507 -2.208370
0.383321 -0.098183 4.372400
0.383456 -0.240899 2.014130
0.384362 0.194305 4.376220
0.384474 0.408198 0.504469
0.387517 -0.120986 3.501540
0.387747 0.349625 3.501130
0.388520 -0.282967 -3.769180
0.388524 -0.282967 -3.621560
0.388882 0.444476 2.955690
0.389175 0.282065 -3.769180
0.389179 0.282065 -3.621560
0.389339 -0.108937 1.800120
0.389445 0.079385 4.724920
0.389915 0.390027 -1.150780
0.390359 -0.024969 4.725140
0.390909 -0.199760 -4.075790
0.390909 -0.199760 -4.064430
0.391371 0.198853 -4.075790
0.391371 0.198853 -4.064430
0.391845 -0.364109 1.003510
0.393600 0.504806 1.649920
0.394276 -0.201482 -4.185560
0.394383 0.011786 4.724920
0.394402 0.045780 4.724920
0.394743 0.200567 -4.185560
0.396651 0.391191 0.236450
0.399490 -0.023476 1.000470
0.401203 -0.261591 1.800110
0.403528 0.156768 4.376220
0.403752 0.344657 -3.659560
0.403756 0.344657 -3.485520
0.404392 -0.206648 -4.087140
0.404869 0.205710 -4.087140
0.406879 -0.296335 -3.780540
0.407566 0.295391 -3.780540
0.408294 0.361700 -1.890740
0.409696 -0.051931 4.372400
0.410016 0.364901 -0.711644
0.411134 -0.210092 -4.056860
0.411620 0.209138 -4.056860
0.411705 0.331520 -3.027240
0.412539 -0.377758 -3.485520
0.412546 -0.388723 -3.027240
0.412547 -0.424458 -2.208370
0.412553 -0.346683 -3.661380
0.412556 -0.424433 -1.863850
0.412566 -0.424436 -1.495220
0.412576 -0.424413 -1.125700
0.412584 -0.424406 -0.810171
0.412590 -0.424419 -0.567103
0.412603 -0.424423 -0.100252
0.412612 -0.424432 0.242440
0.413236 0.365456 -0.290461
0.414455 0.346743 0.017422
0.417339 -0.136144 -4.075790
0.417340 -0.136144 -4.064430
0.417653 0.135176 -4.075790
0.417654 0.135176 -4.064430
0.417780 -0.078484 1.649880
0.420333 -0.081848 1.517870
0.420936 -0.137319 -4.185560
0.421252 0.136342 -4.185560
0.421932 0.413638 1.000470
0.422152 0.340227 -2.633780
0.422947 0.311764 3.501110
0.425137 0.367936 -1.567330
0.425668 0.120671 4.376220
0.427043 -0.093953 2.957780
0.427995 -0.218703 -3.769180
0.427999 -0.218703 -3.621560
0.428501 0.217709 -3.769180
0.428505 0.217709 -3.621560
0.430562 -0.405851 -2.633780
0.430956 0.339050 -2.208370
0.431032 -0.075330 3.501540
0.431734 -0.140839 -4.087140
0.432059 0.139837 -4.087140
0.433148 -0.246915 1.517860
0.433496 -0.069178 -4.075790
0.433496 -0.069178 -4.064430
0.433654 0.068173 -4.075790
0.433654 0.068173 -4.064430
0.434397 0.343203 0.236427
0.434827 0.443245 1.649920
0.435054 -0.317659 -3.485520
0.435464 0.346020 -1.150810
0.437231 -0.069774 -4.185560
0.437391 0.068761 -4.185560
0.438312 0.360444 0.504435
0.438932 -0.143186 -4.056860
0.438980 -0.000508 -4.075790
0.438980 -0.000508 -4.064430
0.439263 0.142169 -4.056860
0.440533 0.415792 2.955660
0.440625 -0.000249 4.376220
0.440647 0.038172 4.376220
0.440671 0.081021 4.376220
0.442083 -0.331564 -3.027240
0.442762 -0.000513 -4.185560
0.446788 -0.286850 -3.661380
0.448220 -0.229035 -3.780540
0.448447 -0.071563 -4.087140
0.448580 0.267376 3.501090
0.448612 0.070524 -4.087140
0.448750 0.227995 -3.780540
0.450673 0.289883 -3.659560
0.450678 0.289883 -3.485520
0.453111 -0.044862 1.003470
0.453372 -0.342095 -2.633780
0.454121 -0.000526 -4.087140
0.455645 0.327012 -0.290487
0.455924 -0.072756 -4.056860
0.456092 0.071699 -4.056860
0.456426 0.331206 -0.711672
0.456934 -0.149055 -3.769180
0.456938 -0.149055 -3.621560
0.457278 0.147995 -3.769180
0.457282 0.147995 -3.621560
0.461035 0.319114 -1.890770
0.461644 0.281610 -3.027240
0.461691 -0.000535 -4.056860
0.463829 0.315968 0.017391
0.466938 -0.221055 1.003460
0.468630 -0.354421 -2.208370
0.469904 -0.256288 -3.485520
0.470242 0.287241 -2.633780
0.471357 0.347500 1.000470
0.474123 0.222850 3.501080
0.474205 0.380868 1.649920
0.474546 -0.354424 -1.495220
0.474556 -0.354424 -1.125700
0.474564 -0.354424 -0.810172
0.474570 -0.354424 -0.567104
0.474583 -0.354424 -0.100253
0.474592 -0.354424 0.242439
0.474621 -0.075738 -3.769180
0.474625 -0.075738 -3.621560
0.474795 0.074637 -3.769180
0.474799 0.074637 -3.621560
0.475401 0.323237 -1.567360
0.477160 -0.271327 -3.027240
0.477418 -0.033400 3.501540
0.478079 -0.354425 -1.863860
0.478322 -0.224369 -3.661380
0.478526 -0.156097 -3.780540
0.478742 0.300274 0.236399
0.478886 0.154987 -3.780540
0.480526 0.370454 2.955640
0.480625 -0.000557 -3.769190
0.480629 -0.000557 -3.621560
0.480688 0.302010 -1.150840
0.482016 -0.057274 2.957780
0.490432 -0.284222 -2.633780
0.491114 0.303056 -2.208370
0.493008 0.229555 -3.659560
0.493012 0.229555 -3.485520
0.493547 0.175294 3.501070
0.494092 0.314942 0.504401
0.494936 -0.188992 -3.485520
0.497049 -0.079317 -3.780540
0.497231 0.078163 -3.780540
0.498869 -0.152225 -3.661380
0.499748 0.293772 -0.711699
0.500395 -0.208872 -3.027240
0.500568 0.291278 -0.290514
0.501700 -0.284228 -2.208370
0.503337 -0.000584 -3.780540
0.505620 -0.058700 1.649880
0.506063 -0.023597 1.000470
0.509647 0.317297 2.955630
0.509700 0.277995 0.017363
0.511016 -0.284234 -1.863860
0.513604 0.127797 3.501050
0.515168 0.233608 -3.027240
0.515494 0.319689 1.649920
0.515682 0.279863 -1.890810
0.518073 -0.284237 -1.495220
0.518083 -0.284237 -1.125710
0.518091 -0.284237 -0.810174
0.518098 -0.284237 -0.567106
0.518110 -0.284237 -0.100255
0.518119 -0.284237 0.242437
0.518334 -0.208881 -2.633780
0.525266 0.284501 1.000470
0.526653 -0.208886 -2.208370
0.531309 0.285349 -1.567390
0.532748 -0.000302 3.501540
0.532793 0.079242 3.501050
0.533097 0.268447 0.236365
0.534240 0.253458 -2.633780
0.535556 0.276044 -1.150870
0.536130 0.261396 -2.208370
0.537762 -0.208893 -1.863860
0.538669 0.263978 2.955610
0.539287 -0.076338 0.476823
0.539990 -0.026204 2.957780
0.540603 0.253372 -0.711724
0.547155 0.257995 -0.290543
0.547674 0.266849 0.504369
0.548281 -0.208899 -1.495220
0.552615 -0.208901 -1.125710
0.554418 0.242954 0.017335
0.555577 -0.208902 -0.810175
0.555584 -0.208902 -0.567107
0.555596 -0.208902 -0.100256
0.555605 -0.208902 0.242436
0.556532 -0.000315 -3.659560
0.556568 0.055337 -3.485520
0.559341 0.260250 1.649920
0.560736 0.207029 2.955600
0.562442 -0.119081 -3.485520
0.562444 -0.138180 -3.027250
0.562452 -0.142536 -2.633780
0.562452 -0.094173 -3.661380
0.562454 -0.158039 -2.208380
0.577519 0.251806 -1.890840
0.580131 0.091730 -3.027250
0.582528 0.225429 1.000470
0.583522 0.150151 2.955590
0.586187 0.235951 0.236333
0.587841 -0.103538 -3.661380
0.587848 -0.052800 -4.495200
0.587849 -0.119669 -3.027250
0.587849 -0.098834 -3.485530
0.587852 -0.085165 -3.661380
0.587856 -0.125091 -2.633780
0.587868 -0.123860 -2.208380
0.588738 -0.032183 1.649880
0.590183 -0.135943 -1.863860
0.590195 -0.129494 -1.495230
0.590198 -0.156852 -0.810175
0.590200 -0.139358 -1.125710
0.590209 -0.148544 -0.567107
0.590220 -0.150050 -0.100257
0.590242 -0.129130 0.242435
0.592724 0.258317 -1.567430
0.594860 0.234497 -0.711758
0.595953 0.248755 -1.150910
0.598603 0.232537 -0.290576
0.601441 0.170275 -2.633780
0.602164 -0.002348 2.957770
0.602217 0.092008 2.955580
0.604297 0.222482 0.504333
0.605265 0.236305 -2.208380
0.610419 0.207041 1.649920
0.611263 0.226877 0.017300
0.612328 -0.015357 1.000460
0.613016 0.002662 -4.495200
0.613039 0.005572 -3.661380
0.626155 -0.000355 -3.659570
0.626185 0.044861 -3.485530
0.639375 0.224611 -1.890880
0.641393 0.206954 0.236298
0.647640 0.080834 -3.027250
0.649667 0.226536 -1.150940
0.651288 0.222371 -0.711793
0.652187 0.212161 -0.290608
0.652824 0.181393 1.000460
0.655331 0.234086 -1.567470
0.656216 -0.120751 -3.661380
0.656220 -0.120751 -3.485530
0.656227 -0.061570 -4.495200
0.656233 -0.120751 -3.027250
0.656243 -0.120751 -2.633780
0.656254 -0.120751 -2.208380
0.658651 -0.120752 -1.863860
0.658665 -0.113410 -1.495230
0.658673 -0.115747 -1.125710
0.658680 -0.118875 -0.810177
0.658693 -0.106877 -0.567109
0.658712 -0.094597 -0.100258
0.658730 -0.077990 0.242434
0.658745 -0.062543 0.476820
0.665336 0.204246 0.017267
0.666632 0.159197 1.649910
0.668033 0.206761 -2.208380
0.668645 0.190040 0.504293
0.668700 0.151586 -2.633790
0.678760 -0.024457 1.649870
0.696973 -0.000395 -3.659570
0.696999 0.038948 -3.485530
0.699098 0.183376 0.236263
0.704914 0.206553 -1.890930
0.706074 0.192610 -0.290642
0.706590 0.207651 -0.711828
0.708990 0.208125 -1.150980
0.715797 0.083617 -3.027250
0.718106 0.221895 -1.567510
0.718395 -0.013158 1.000460
0.719284 0.181013 0.017233
0.727296 0.145605 1.000460
0.727739 0.117798 1.649910
0.735727 0.191864 -2.208380
0.736260 0.134957 -2.633790
0.736768 -0.120797 -1.863860
0.736788 -0.101774 -1.495230
0.736799 -0.099134 -1.125710
0.736810 -0.094767 -0.810179
0.736823 -0.083062 -0.567111
0.736837 -0.080776 -0.100260
0.736856 -0.062139 0.242432
0.736868 -0.051902 0.476818
0.736984 0.167491 0.504252
0.741965 -0.032488 -4.415450
0.742282 -0.120799 -3.661390
0.742287 -0.120799 -3.485530
0.742293 -0.061618 -4.495200
0.742299 -0.120799 -3.027250
0.742309 -0.120799 -2.633790
0.742320 -0.120799 -2.208380
0.742418 -0.038575 -2.829820
0.742541 -0.026486 -4.333060
0.743634 -0.024561 -2.845900
0.744318 -0.016551 -2.870020
0.745491 -0.002533 -2.954420
0.745561 0.003511 -3.693980
0.746582 0.011493 -3.171470
0.758187 0.163597 0.236226
0.760323 0.174017 -0.290675
0.760964 0.172629 -0.711861
0.767749 0.191745 -1.890960
0.768336 -0.000435 -3.659570
0.768359 0.033465 -3.485530
0.768728 -0.024945 1.649870
0.769351 0.199394 -1.151010
0.772243 0.154992 0.017201
0.778773 0.068221 -3.027250
0.792243 0.210694 -1.567550
0.794066 0.086138 1.649910
0.804213 0.141773 0.504209
0.804527 -0.120835 -3.661390
0.804532 -0.120835 -3.485530
0.804538 -0.061654 -4.495210
0.804544 -0.120835 -3.027250
0.804554 -0.120835 -2.633790
0.804565 -0.120835 -2.208380
0.804795 0.172647 -2.208380
0.805866 0.119790 1.000460
0.809126 -0.000459 -3.659570
0.809140 0.016838 -3.485530
0.809343 0.050861 -3.027250
0.809594 0.103127 -2.633790
0.809874 0.128955 -2.208380
0.810077 0.062955 -1.890990
0.810092 0.171773 -1.890990
0.810275 0.124732 -1.567560
0.810533 0.156724 -1.151040
0.811999 0.131123 -2.633790
0.812743 -0.120840 -1.863860
0.812796 -0.061412 -1.125710
0.812797 -0.042389 -1.495230
0.812806 -0.058070 -0.810181
0.812811 -0.060284 -0.567113
0.812819 -0.067349 -0.100262
0.812839 -0.049461 0.242430
0.812852 -0.038165 0.476816
0.818314 0.146831 0.236188
0.822302 -0.000465 -4.495210
0.822324 -0.000465 -3.661390
0.822328 -0.000465 -3.485530
0.822340 -0.000465 -3.027250
0.822351 -0.000465 -2.633790
0.822362 -0.000465 -2.208380
0.825003 -0.015175 1.000460
0.838330 0.193690 -1.567580
0.842321 -0.036223 -1.864350
0.861659 -0.000488 1.649910
0.871646 0.116631 0.504168
0.885156 0.096350 1.000460
0.891704 -0.030861 -1.863870
0.891708 -0.040547 -1.495230
0.891717 -0.040547 -1.125720
0.891726 -0.040547 -0.810183
0.891732 -0.040547 -0.567115
0.891744 -0.040547 -0.100264
0.891753 -0.040547 0.242428
0.891760 -0.040547 0.476814
0.931503 -0.010997 1.000460
0.939214 0.091862 0.504126
0.963335 0.069628 1.000460
0.982238 -0.014572 -1.863870
0.982248 -0.014572 -1.495240
0.982258 -0.014572 -1.125720
0.982266 -0.014572 -0.810186
0.982272 -0.014572 -0.567118
0.982285 -0.014572 -0.100267
0.982294 -0.014572 0.242425
0.982300 -0.014572 0.476811
1.036590 -0.000587 1.000450
1.071740 0.003393 -1.863870
1.071750 0.003393 -1.495240
1.071760 0.003393 -1.125720
1.071770 0.003393 -0.810188
1.071770 0.003393 -0.567120
1.071790 0.003393 -0.100269
1.071800 0.003393 0.242423
1.071800 0.003393 0.476809
1.260220 0.043243 -1.902250
1.260230 0.053481 -1.898830
1.260330 0.063720 -1.758910
1.261050 0.114912 -0.673630
1.261610 0.128562 0.213705
1.261810 0.104673 0.582290
1.261880 0.080783 0.725629
1.261890 0.043242 0.793886
1.261900 0.067131 0.766583
2.029750 -0.149842 -3.809660
2.029940 -0.147539 -4.417620
2.030140 -0.145236 -4.386030
2.030490 -0.141397 -3.825070
2.030960 -0.136025 -3.857430
2.031150 -0.133722 -4.140990
2.031420 -0.130651 -3.940650
3.456170 0.047433 -1.902510
3.456170 0.051358 -1.848860
3.456200 0.043507 -0.870068
3.456200 0.052667 -0.880536
3.456200 0.057901 -0.896239
3.456200 0.070986 -1.432740
3.456210 0.067061 -0.951198
3.456210 0.076220 -1.092520
