1 162 152 161 1 0
2 161 152 159 1 0
3 159 152 157 1 0
4 157 152 155 1 0
5 155 152 153 1 0
6 153 152 150 1 0
7 150 152 148 1 0
8 148 152 146 1 0
9 146 152 144 1 0
10 144 152 142 1 0
11 142 152 143 1 0
12 143 152 145 1 0
13 145 152 147 1 0
14 147 152 149 1 0
15 149 152 151 1 0
16 151 152 154 1 0
17 154 152 156 1 0
18 156 152 158 1 0
19 158 152 160 1 0
20 160 152 162 1 0
21 111 162 161 1 0
22 111 161 114 1 0
23 114 161 159 1 0
24 114 159 116 1 0
25 116 159 157 1 0
26 116 157 118 1 0
27 118 157 155 1 0
28 118 155 120 1 0
29 120 155 153 1 0
30 120 153 121 1 0
31 121 153 150 1 0
32 121 150 119 1 0
33 119 150 148 1 0
34 119 148 117 1 0
35 117 148 146 1 0
36 117 146 115 1 0
37 115 146 144 1 0
38 115 144 113 1 0
39 113 144 142 1 0
40 113 142 112 1 0
41 112 142 143 1 0
42 112 143 109 1 0
43 109 143 145 1 0
44 109 145 107 1 0
45 107 145 147 1 0
46 107 147 105 1 0
47 105 147 149 1 0
48 105 149 103 1 0
49 103 149 151 1 0
50 103 151 102 1 0
51 102 151 154 1 0
52 102 154 104 1 0
53 104 154 156 1 0
54 104 156 106 1 0
55 106 156 158 1 0
56 106 158 108 1 0
57 108 158 160 1 0
58 108 160 110 1 0
59 110 160 162 1 0
60 110 162 111 1 0
61 91 111 114 1 0
62 91 114 94 1 0
63 94 114 116 1 0
64 94 116 96 1 0
65 96 116 118 1 0
66 96 118 98 1 0
67 98 118 120 1 0
68 98 120 100 1 0
69 100 120 121 1 0
70 100 121 101 1 0
71 101 121 119 1 0
72 101 119 99 1 0
73 99 119 117 1 0
74 99 117 97 1 0
75 97 117 115 1 0
76 97 115 95 1 0
77 95 115 113 1 0
78 95 113 93 1 0
79 93 113 112 1 0
80 93 112 92 1 0
81 92 112 109 1 0
82 92 109 89 1 0
83 89 109 107 1 0
84 89 107 87 1 0
85 87 107 105 1 0
86 87 105 85 1 0
87 85 105 103 1 0
88 85 103 83 1 0
89 83 103 102 1 0
90 83 102 82 1 0
91 82 102 104 1 0
92 82 104 84 1 0
93 84 104 106 1 0
94 84 106 86 1 0
95 86 106 108 1 0
96 86 108 88 1 0
97 88 108 110 1 0
98 88 110 90 1 0
99 90 110 111 1 0
100 90 111 91 1 0
101 71 91 94 1 0
102 71 94 74 1 0
103 74 94 96 1 0
104 74 96 76 1 0
105 76 96 98 1 0
106 76 98 78 1 0
107 78 98 100 1 0
108 78 100 80 1 0
109 80 100 101 1 0
110 80 101 81 1 0
111 81 101 99 1 0
112 81 99 79 1 0
113 79 99 97 1 0
114 79 97 77 1 0
115 77 97 95 1 0
116 77 95 75 1 0
117 75 95 93 1 0
118 75 93 73 1 0
119 73 93 92 1 0
120 73 92 72 1 0
121 72 92 89 1 0
122 72 89 69 1 0
123 69 89 87 1 0
124 69 87 67 1 0
125 67 87 85 1 0
126 67 85 65 1 0
127 65 85 83 1 0
128 65 83 63 1 0
129 63 83 82 1 0
130 63 82 62 1 0
131 62 82 84 1 0
132 62 84 64 1 0
133 64 84 86 1 0
134 64 86 66 1 0
135 66 86 88 1 0
136 66 88 68 1 0
137 68 88 90 1 0
138 68 90 70 1 0
139 70 90 91 1 0
140 70 91 71 1 0
141 51 71 74 1 0
142 51 74 54 1 0
143 54 74 76 1 0
144 54 76 56 1 0
145 56 76 78 1 0
146 56 78 58 1 0
147 58 78 80 1 0
148 58 80 60 1 0
149 60 80 81 1 0
150 60 81 61 1 0
151 61 81 79 1 0
152 61 79 59 1 0
153 59 79 77 1 0
154 59 77 57 1 0
155 57 77 75 1 0
156 57 75 55 1 0
157 55 75 73 1 0
158 55 73 53 1 0
159 53 73 72 1 0
160 53 72 52 1 0
161 52 72 69 1 0
162 52 69 49 1 0
163 49 69 67 1 0
164 49 67 47 1 0
165 47 67 65 1 0
166 47 65 45 1 0
167 45 65 63 1 0
168 45 63 43 1 0
169 43 63 62 1 0
170 43 62 42 1 0
171 42 62 64 1 0
172 42 64 44 1 0
173 44 64 66 1 0
174 44 66 46 1 0
175 46 66 68 1 0
176 46 68 48 1 0
177 48 68 70 1 0
178 48 70 50 1 0
179 50 70 71 1 0
180 50 71 51 1 0
181 31 51 54 1 0
182 31 54 34 1 0
183 34 54 56 1 0
184 34 56 36 1 0
185 36 56 58 1 0
186 36 58 38 1 0
187 38 58 60 1 0
188 38 60 40 1 0
189 40 60 61 1 0
190 40 61 41 1 0
191 41 61 59 1 0
192 41 59 39 1 0
193 39 59 57 1 0
194 39 57 37 1 0
195 37 57 55 1 0
196 37 55 35 1 0
197 35 55 53 1 0
198 35 53 33 1 0
199 33 53 52 1 0
200 33 52 32 1 0
201 32 52 49 1 0
202 32 49 29 1 0
203 29 49 47 1 0
204 29 47 27 1 0
205 27 47 45 1 0
206 27 45 25 1 0
207 25 45 43 1 0
208 25 43 23 1 0
209 23 43 42 1 0
210 23 42 22 1 0
211 22 42 44 1 0
212 22 44 24 1 0
213 24 44 46 1 0
214 24 46 26 1 0
215 26 46 48 1 0
216 26 48 28 1 0
217 28 48 50 1 0
218 28 50 30 1 0
219 30 50 51 1 0
220 30 51 31 1 0
221 11 31 34 1 0
222 11 34 14 1 0
223 14 34 36 1 0
224 14 36 16 1 0
225 16 36 38 1 0
226 16 38 18 1 0
227 18 38 40 1 0
228 18 40 20 1 0
229 20 40 41 1 0
230 20 41 21 1 0
231 21 41 39 1 0
232 21 39 19 1 0
233 19 39 37 1 0
234 19 37 17 1 0
235 17 37 35 1 0
236 17 35 15 1 0
237 15 35 33 1 0
238 15 33 13 1 0
239 13 33 32 1 0
240 13 32 12 1 0
241 12 32 29 1 0
242 12 29 9 1 0
243 9 29 27 1 0
244 9 27 7 1 0
245 7 27 25 1 0
246 7 25 5 1 0
247 5 25 23 1 0
248 5 23 3 1 0
249 3 23 22 1 0
250 3 22 2 1 0
251 2 22 24 1 0
252 2 24 4 1 0
253 4 24 26 1 0
254 4 26 6 1 0
255 6 26 28 1 0
256 6 28 8 1 0
257 8 28 30 1 0
258 8 30 10 1 0
259 10 30 31 1 0
260 10 31 11 1 0
261 1 11 14 1 0
262 1 14 16 1 0
263 1 16 18 1 0
264 1 18 20 1 0
265 1 20 21 1 0
266 1 21 19 1 0
267 1 19 17 1 0
268 1 17 15 1 0
269 1 15 13 1 0
270 1 13 12 1 0
271 1 12 9 1 0
272 1 9 7 1 0
273 1 7 5 1 0
274 1 5 3 1 0
275 1 3 2 1 0
276 1 2 4 1 0
277 1 4 6 1 0
278 1 6 8 1 0
279 1 8 10 1 0
280 1 10 11 1 0
281 135 129 127 1 0
282 135 137 129 1 0
283 135 127 126 1 0
284 135 126 134 1 0
285 135 134 137 1 0
286 137 134 136 1 0
287 127 129 126 1 0
288 129 128 126 1 0
289 129 137 136 1 0
290 129 136 128 1 0
291 134 126 128 1 0
292 134 128 136 1 0
293 132 122 124 1 0
294 132 130 122 1 0
295 132 124 125 1 0
296 132 125 133 1 0
297 132 133 130 1 0
298 130 133 131 1 0
299 124 122 125 1 0
300 122 123 125 1 0
301 122 130 131 1 0
302 122 131 123 1 0
303 133 125 123 1 0
304 133 123 131 1 0
305 138 165 139 1 0
306 138 163 165 1 0
307 138 139 141 1 0
308 138 141 140 1 0
309 138 140 163 1 0
310 163 140 164 1 0
311 139 165 141 1 0
312 165 166 141 1 0
313 165 163 164 1 0
314 165 164 166 1 0
315 140 141 166 1 0
316 140 166 164 1 0
