   1.0000000e+02   0.0000000e+00   0.0000000e+00
   7.8006900e+01   0.0000000e+00   1.0538400e+01
   6.7926700e+01  -1.5349400e+01   0.0000000e+00
   6.7926700e+01   1.5349400e+01   0.0000000e+00
  -5.2119100e+01   0.0000000e+00   2.9095100e+01
  -7.2737700e+01   2.2451300e+01   0.0000000e+00
  -7.2737700e+01  -2.2451300e+01   0.0000000e+00
  -1.0000000e+02   0.0000000e+00   0.0000000e+00
  -2.4055000e+00   1.8900300e+01   0.0000000e+00
   2.0791500e+01   9.0066700e+01   1.2738800e+01
  -1.4031400e+01   9.2349600e+01   1.2831300e+01
   1.0590250e+02   2.6896700e+01   2.6517200e+01
   9.4551900e+01   3.1837100e+01   2.7211300e+01
  -2.4055000e+00  -1.8900300e+01   0.0000000e+00
   2.0791500e+01  -9.0066700e+01   1.2738800e+01
  -1.4031400e+01  -9.2349600e+01   1.2831300e+01
   1.0590250e+02  -2.6896700e+01   2.6517200e+01
   9.4551900e+01  -3.1837100e+01   2.7211300e+01