     1    2    3    1   1  0
     2    4    2    1   1  0
     3    3    4    1   1  0
     4   18    1    3   0  0
     5   18   17    1   0  0
     6    5    3    2   1  0
     7    5    2    4   1  0
     8   13    4    1   0  0
     9    6    5    4   1  0
    13    8    5    6   1  0
    14    7    6    4   1  0
    15    5    7    3   1  0
    16    8    7    5   1  0
    17    7    4    3   1  0
    18    6    7    8   1  0
    19    9   10   11   0  0
    20    9   11    6   0  0
    12   13    1   12   0  0
    11   14   16   15   0  0
    10    7   16   14   0  0