0	0	-1
-0.156434465040231	0	-0.987688340595138
-0.148778017349658	-0.0483409082033850	-0.987688340595138
-0.126558140723500	-0.0919498715009102	-0.987688340595138
-0.0919498715009102	-0.126558140723500	-0.987688340595138
-0.0483409082033849	-0.148778017349658	-0.987688340595138
9.57884834439237e-18	-0.156434465040231	-0.987688340595138
0.0483409082033850	-0.148778017349658	-0.987688340595138
0.0919498715009102	-0.126558140723500	-0.987688340595138
0.126558140723500	-0.0919498715009102	-0.987688340595138
0.148778017349658	-0.0483409082033849	-0.987688340595138
0.156434465040231	0	-0.987688340595138
0.148778017349658	0.0483409082033849	-0.987688340595138
0.126558140723500	0.0919498715009102	-0.987688340595138
0.0919498715009102	0.126558140723500	-0.987688340595138
0.0483409082033850	0.148778017349658	-0.987688340595138
9.57884834439237e-18	0.156434465040231	-0.987688340595138
-0.0483409082033849	0.148778017349658	-0.987688340595138
-0.0919498715009102	0.126558140723500	-0.987688340595138
-0.126558140723500	0.0919498715009102	-0.987688340595138
-0.148778017349658	0.0483409082033850	-0.987688340595138
-0.309016994374947	0	-0.951056516295154
-0.293892626146237	-0.0954915028125263	-0.951056516295154
-0.250000000000000	-0.181635632001340	-0.951056516295154
-0.181635632001340	-0.250000000000000	-0.951056516295154
-0.0954915028125263	-0.293892626146237	-0.951056516295154
1.89218336521708e-17	-0.309016994374947	-0.951056516295154
0.0954915028125263	-0.293892626146237	-0.951056516295154
0.181635632001340	-0.250000000000000	-0.951056516295154
0.250000000000000	-0.181635632001340	-0.951056516295154
0.293892626146237	-0.0954915028125263	-0.951056516295154
0.309016994374947	0	-0.951056516295154
0.293892626146237	0.0954915028125263	-0.951056516295154
0.250000000000000	0.181635632001340	-0.951056516295154
0.181635632001340	0.250000000000000	-0.951056516295154
0.0954915028125263	0.293892626146237	-0.951056516295154
1.89218336521708e-17	0.309016994374947	-0.951056516295154
-0.0954915028125263	0.293892626146237	-0.951056516295154
-0.181635632001340	0.250000000000000	-0.951056516295154
-0.250000000000000	0.181635632001340	-0.951056516295154
-0.293892626146237	0.0954915028125263	-0.951056516295154
-0.453990499739547	0	-0.891006524188368
-0.431770623113389	-0.140290779704295	-0.891006524188368
-0.367286029574069	-0.266848920427796	-0.891006524188368
-0.266848920427795	-0.367286029574069	-0.891006524188368
-0.140290779704295	-0.431770623113389	-0.891006524188368
2.77989006174672e-17	-0.453990499739547	-0.891006524188368
0.140290779704295	-0.431770623113389	-0.891006524188368
0.266848920427796	-0.367286029574069	-0.891006524188368
0.367286029574069	-0.266848920427796	-0.891006524188368
0.431770623113389	-0.140290779704295	-0.891006524188368
0.453990499739547	0	-0.891006524188368
0.431770623113389	0.140290779704295	-0.891006524188368
0.367286029574069	0.266848920427796	-0.891006524188368
0.266848920427796	0.367286029574069	-0.891006524188368
0.140290779704295	0.431770623113389	-0.891006524188368
2.77989006174672e-17	0.453990499739547	-0.891006524188368
-0.140290779704295	0.431770623113389	-0.891006524188368
-0.266848920427795	0.367286029574069	-0.891006524188368
-0.367286029574069	0.266848920427796	-0.891006524188368
-0.431770623113389	0.140290779704295	-0.891006524188368
-0.587785252292473	0	-0.809016994374948
-0.559016994374948	-0.181635632001340	-0.809016994374948
-0.475528258147577	-0.345491502812526	-0.809016994374948
-0.345491502812526	-0.475528258147577	-0.809016994374948
-0.181635632001340	-0.559016994374948	-0.809016994374948
3.59914663902998e-17	-0.587785252292473	-0.809016994374948
0.181635632001340	-0.559016994374948	-0.809016994374948
0.345491502812526	-0.475528258147577	-0.809016994374948
0.475528258147577	-0.345491502812526	-0.809016994374948
0.559016994374948	-0.181635632001340	-0.809016994374948
0.587785252292473	0	-0.809016994374948
0.559016994374948	0.181635632001340	-0.809016994374948
0.475528258147577	0.345491502812526	-0.809016994374948
0.345491502812526	0.475528258147577	-0.809016994374948
0.181635632001340	0.559016994374948	-0.809016994374948
3.59914663902998e-17	0.587785252292473	-0.809016994374948
-0.181635632001340	0.559016994374948	-0.809016994374948
-0.345491502812526	0.475528258147577	-0.809016994374948
-0.475528258147577	0.345491502812526	-0.809016994374948
-0.559016994374948	0.181635632001340	-0.809016994374948
-0.707106781186548	0	-0.707106781186548
-0.672498511963957	-0.218508012224411	-0.707106781186548
-0.572061402817684	-0.415626937777454	-0.707106781186548
-0.415626937777453	-0.572061402817684	-0.707106781186548
-0.218508012224411	-0.672498511963957	-0.707106781186548
4.32978028117747e-17	-0.707106781186548	-0.707106781186548
0.218508012224411	-0.672498511963957	-0.707106781186548
0.415626937777453	-0.572061402817684	-0.707106781186548
0.572061402817684	-0.415626937777453	-0.707106781186548
0.672498511963957	-0.218508012224411	-0.707106781186548
0.707106781186548	0	-0.707106781186548
0.672498511963957	0.218508012224411	-0.707106781186548
0.572061402817684	0.415626937777453	-0.707106781186548
0.415626937777453	0.572061402817684	-0.707106781186548
0.218508012224411	0.672498511963957	-0.707106781186548
4.32978028117747e-17	0.707106781186548	-0.707106781186548
-0.218508012224411	0.672498511963957	-0.707106781186548
-0.415626937777453	0.572061402817684	-0.707106781186548
-0.572061402817684	0.415626937777454	-0.707106781186548
-0.672498511963957	0.218508012224411	-0.707106781186548
-0.809016994374948	0	-0.587785252292473
-0.769420884293813	-0.250000000000000	-0.587785252292473
-0.654508497187474	-0.475528258147577	-0.587785252292473
-0.475528258147577	-0.654508497187474	-0.587785252292473
-0.250000000000000	-0.769420884293813	-0.587785252292473
4.95380036308546e-17	-0.809016994374948	-0.587785252292473
0.250000000000000	-0.769420884293813	-0.587785252292473
0.475528258147577	-0.654508497187474	-0.587785252292473
0.654508497187474	-0.475528258147577	-0.587785252292473
0.769420884293813	-0.250000000000000	-0.587785252292473
0.809016994374948	0	-0.587785252292473
0.769420884293813	0.250000000000000	-0.587785252292473
0.654508497187474	0.475528258147577	-0.587785252292473
0.475528258147577	0.654508497187474	-0.587785252292473
0.250000000000000	0.769420884293813	-0.587785252292473
4.95380036308546e-17	0.809016994374948	-0.587785252292473
-0.250000000000000	0.769420884293813	-0.587785252292473
-0.475528258147577	0.654508497187474	-0.587785252292473
-0.654508497187474	0.475528258147577	-0.587785252292473
-0.769420884293813	0.250000000000000	-0.587785252292473
-0.891006524188368	0	-0.453990499739547
-0.847397560890843	-0.275336158073158	-0.453990499739547
-0.720839420167342	-0.523720494614300	-0.453990499739547
-0.523720494614299	-0.720839420167342	-0.453990499739547
-0.275336158073158	-0.847397560890843	-0.453990499739547
5.45584143933347e-17	-0.891006524188368	-0.453990499739547
0.275336158073158	-0.847397560890843	-0.453990499739547
0.523720494614299	-0.720839420167342	-0.453990499739547
0.720839420167342	-0.523720494614299	-0.453990499739547
0.847397560890843	-0.275336158073158	-0.453990499739547
0.891006524188368	0	-0.453990499739547
0.847397560890843	0.275336158073158	-0.453990499739547
0.720839420167342	0.523720494614299	-0.453990499739547
0.523720494614299	0.720839420167342	-0.453990499739547
0.275336158073158	0.847397560890843	-0.453990499739547
5.45584143933347e-17	0.891006524188368	-0.453990499739547
-0.275336158073158	0.847397560890843	-0.453990499739547
-0.523720494614299	0.720839420167342	-0.453990499739547
-0.720839420167342	0.523720494614300	-0.453990499739547
-0.847397560890843	0.275336158073158	-0.453990499739547
-0.951056516295154	0	-0.309016994374947
-0.904508497187474	-0.293892626146237	-0.309016994374947
-0.769420884293813	-0.559016994374948	-0.309016994374947
-0.559016994374947	-0.769420884293813	-0.309016994374947
-0.293892626146236	-0.904508497187474	-0.309016994374947
5.82354159244546e-17	-0.951056516295154	-0.309016994374947
0.293892626146237	-0.904508497187474	-0.309016994374947
0.559016994374948	-0.769420884293813	-0.309016994374947
0.769420884293813	-0.559016994374948	-0.309016994374947
0.904508497187474	-0.293892626146237	-0.309016994374947
0.951056516295154	0	-0.309016994374947
0.904508497187474	0.293892626146237	-0.309016994374947
0.769420884293813	0.559016994374948	-0.309016994374947
0.559016994374948	0.769420884293813	-0.309016994374947
0.293892626146237	0.904508497187474	-0.309016994374947
5.82354159244546e-17	0.951056516295154	-0.309016994374947
-0.293892626146236	0.904508497187474	-0.309016994374947
-0.559016994374947	0.769420884293813	-0.309016994374947
-0.769420884293813	0.559016994374948	-0.309016994374947
-0.904508497187474	0.293892626146237	-0.309016994374947
-0.987688340595138	0	-0.156434465040231
-0.939347432391753	-0.305212482389889	-0.156434465040231
-0.799056652687458	-0.580548640463047	-0.156434465040231
-0.580548640463047	-0.799056652687458	-0.156434465040231
-0.305212482389889	-0.939347432391753	-0.156434465040231
6.04784682432498e-17	-0.987688340595138	-0.156434465040231
0.305212482389889	-0.939347432391753	-0.156434465040231
0.580548640463047	-0.799056652687458	-0.156434465040231
0.799056652687458	-0.580548640463047	-0.156434465040231
0.939347432391753	-0.305212482389889	-0.156434465040231
0.987688340595138	0	-0.156434465040231
0.939347432391753	0.305212482389889	-0.156434465040231
0.799056652687458	0.580548640463047	-0.156434465040231
0.580548640463047	0.799056652687458	-0.156434465040231
0.305212482389889	0.939347432391753	-0.156434465040231
6.04784682432498e-17	0.987688340595138	-0.156434465040231
-0.305212482389889	0.939347432391753	-0.156434465040231
-0.580548640463047	0.799056652687458	-0.156434465040231
-0.799056652687458	0.580548640463047	-0.156434465040231
-0.939347432391753	0.305212482389889	-0.156434465040231
-1	0	0
-0.951056516295154	-0.309016994374948	0
-0.809016994374947	-0.587785252292473	0
-0.587785252292473	-0.809016994374948	0
-0.309016994374947	-0.951056516295154	0
6.12323399573677e-17	-1	0
0.309016994374947	-0.951056516295154	0
0.587785252292473	-0.809016994374948	0
0.809016994374948	-0.587785252292473	0
0.951056516295154	-0.309016994374947	0
1	0	0
0.951056516295154	0.309016994374947	0
0.809016994374948	0.587785252292473	0
0.587785252292473	0.809016994374948	0
0.309016994374947	0.951056516295154	0
6.12323399573677e-17	1	0
-0.309016994374947	0.951056516295154	0
-0.587785252292473	0.809016994374948	0
-0.809016994374947	0.587785252292473	0
-0.951056516295154	0.309016994374948	0
-0.987688340595138	0	0.156434465040231
-0.939347432391753	-0.305212482389889	0.156434465040231
-0.799056652687458	-0.580548640463047	0.156434465040231
-0.580548640463047	-0.799056652687458	0.156434465040231
-0.305212482389889	-0.939347432391753	0.156434465040231
6.04784682432498e-17	-0.987688340595138	0.156434465040231
0.305212482389889	-0.939347432391753	0.156434465040231
0.580548640463047	-0.799056652687458	0.156434465040231
0.799056652687458	-0.580548640463047	0.156434465040231
0.939347432391753	-0.305212482389889	0.156434465040231
0.987688340595138	0	0.156434465040231
0.939347432391753	0.305212482389889	0.156434465040231
0.799056652687458	0.580548640463047	0.156434465040231
0.580548640463047	0.799056652687458	0.156434465040231
0.305212482389889	0.939347432391753	0.156434465040231
6.04784682432498e-17	0.987688340595138	0.156434465040231
-0.305212482389889	0.939347432391753	0.156434465040231
-0.580548640463047	0.799056652687458	0.156434465040231
-0.799056652687458	0.580548640463047	0.156434465040231
-0.939347432391753	0.305212482389889	0.156434465040231
-0.951056516295154	0	0.309016994374947
-0.904508497187474	-0.293892626146237	0.309016994374947
-0.769420884293813	-0.559016994374948	0.309016994374947
-0.559016994374947	-0.769420884293813	0.309016994374947
-0.293892626146236	-0.904508497187474	0.309016994374947
5.82354159244546e-17	-0.951056516295154	0.309016994374947
0.293892626146237	-0.904508497187474	0.309016994374947
0.559016994374948	-0.769420884293813	0.309016994374947
0.769420884293813	-0.559016994374948	0.309016994374947
0.904508497187474	-0.293892626146237	0.309016994374947
0.951056516295154	0	0.309016994374947
0.904508497187474	0.293892626146237	0.309016994374947
0.769420884293813	0.559016994374948	0.309016994374947
0.559016994374948	0.769420884293813	0.309016994374947
0.293892626146237	0.904508497187474	0.309016994374947
5.82354159244546e-17	0.951056516295154	0.309016994374947
-0.293892626146236	0.904508497187474	0.309016994374947
-0.559016994374947	0.769420884293813	0.309016994374947
-0.769420884293813	0.559016994374948	0.309016994374947
-0.904508497187474	0.293892626146237	0.309016994374947
-0.891006524188368	0	0.453990499739547
-0.847397560890843	-0.275336158073158	0.453990499739547
-0.720839420167342	-0.523720494614300	0.453990499739547
-0.523720494614299	-0.720839420167342	0.453990499739547
-0.275336158073158	-0.847397560890843	0.453990499739547
5.45584143933347e-17	-0.891006524188368	0.453990499739547
0.275336158073158	-0.847397560890843	0.453990499739547
0.523720494614299	-0.720839420167342	0.453990499739547
0.720839420167342	-0.523720494614299	0.453990499739547
0.847397560890843	-0.275336158073158	0.453990499739547
0.891006524188368	0	0.453990499739547
0.847397560890843	0.275336158073158	0.453990499739547
0.720839420167342	0.523720494614299	0.453990499739547
0.523720494614299	0.720839420167342	0.453990499739547
0.275336158073158	0.847397560890843	0.453990499739547
5.45584143933347e-17	0.891006524188368	0.453990499739547
-0.275336158073158	0.847397560890843	0.453990499739547
-0.523720494614299	0.720839420167342	0.453990499739547
-0.720839420167342	0.523720494614300	0.453990499739547
-0.847397560890843	0.275336158073158	0.453990499739547
-0.809016994374948	0	0.587785252292473
-0.769420884293813	-0.250000000000000	0.587785252292473
-0.654508497187474	-0.475528258147577	0.587785252292473
-0.475528258147577	-0.654508497187474	0.587785252292473
-0.250000000000000	-0.769420884293813	0.587785252292473
4.95380036308546e-17	-0.809016994374948	0.587785252292473
0.250000000000000	-0.769420884293813	0.587785252292473
0.475528258147577	-0.654508497187474	0.587785252292473
0.654508497187474	-0.475528258147577	0.587785252292473
0.769420884293813	-0.250000000000000	0.587785252292473
0.809016994374948	0	0.587785252292473
0.769420884293813	0.250000000000000	0.587785252292473
0.654508497187474	0.475528258147577	0.587785252292473
0.475528258147577	0.654508497187474	0.587785252292473
0.250000000000000	0.769420884293813	0.587785252292473
4.95380036308546e-17	0.809016994374948	0.587785252292473
-0.250000000000000	0.769420884293813	0.587785252292473
-0.475528258147577	0.654508497187474	0.587785252292473
-0.654508497187474	0.475528258147577	0.587785252292473
-0.769420884293813	0.250000000000000	0.587785252292473
-0.707106781186548	0	0.707106781186548
-0.672498511963957	-0.218508012224411	0.707106781186548
-0.572061402817684	-0.415626937777454	0.707106781186548
-0.415626937777453	-0.572061402817684	0.707106781186548
-0.218508012224411	-0.672498511963957	0.707106781186548
4.32978028117747e-17	-0.707106781186548	0.707106781186548
0.218508012224411	-0.672498511963957	0.707106781186548
0.415626937777453	-0.572061402817684	0.707106781186548
0.572061402817684	-0.415626937777453	0.707106781186548
0.672498511963957	-0.218508012224411	0.707106781186548
0.707106781186548	0	0.707106781186548
0.672498511963957	0.218508012224411	0.707106781186548
0.572061402817684	0.415626937777453	0.707106781186548
0.415626937777453	0.572061402817684	0.707106781186548
0.218508012224411	0.672498511963957	0.707106781186548
4.32978028117747e-17	0.707106781186548	0.707106781186548
-0.218508012224411	0.672498511963957	0.707106781186548
-0.415626937777453	0.572061402817684	0.707106781186548
-0.572061402817684	0.415626937777454	0.707106781186548
-0.672498511963957	0.218508012224411	0.707106781186548
-0.587785252292473	0	0.809016994374948
-0.559016994374948	-0.181635632001340	0.809016994374948
-0.475528258147577	-0.345491502812526	0.809016994374948
-0.345491502812526	-0.475528258147577	0.809016994374948
-0.181635632001340	-0.559016994374948	0.809016994374948
3.59914663902998e-17	-0.587785252292473	0.809016994374948
0.181635632001340	-0.559016994374948	0.809016994374948
0.345491502812526	-0.475528258147577	0.809016994374948
0.475528258147577	-0.345491502812526	0.809016994374948
0.559016994374948	-0.181635632001340	0.809016994374948
0.587785252292473	0	0.809016994374948
0.559016994374948	0.181635632001340	0.809016994374948
0.475528258147577	0.345491502812526	0.809016994374948
0.345491502812526	0.475528258147577	0.809016994374948
0.181635632001340	0.559016994374948	0.809016994374948
3.59914663902998e-17	0.587785252292473	0.809016994374948
-0.181635632001340	0.559016994374948	0.809016994374948
-0.345491502812526	0.475528258147577	0.809016994374948
-0.475528258147577	0.345491502812526	0.809016994374948
-0.559016994374948	0.181635632001340	0.809016994374948
-0.453990499739547	0	0.891006524188368
-0.431770623113389	-0.140290779704295	0.891006524188368
-0.367286029574069	-0.266848920427796	0.891006524188368
-0.266848920427795	-0.367286029574069	0.891006524188368
-0.140290779704295	-0.431770623113389	0.891006524188368
2.77989006174672e-17	-0.453990499739547	0.891006524188368
0.140290779704295	-0.431770623113389	0.891006524188368
0.266848920427796	-0.367286029574069	0.891006524188368
0.367286029574069	-0.266848920427796	0.891006524188368
0.431770623113389	-0.140290779704295	0.891006524188368
0.453990499739547	0	0.891006524188368
0.431770623113389	0.140290779704295	0.891006524188368
0.367286029574069	0.266848920427796	0.891006524188368
0.266848920427796	0.367286029574069	0.891006524188368
0.140290779704295	0.431770623113389	0.891006524188368
2.77989006174672e-17	0.453990499739547	0.891006524188368
-0.140290779704295	0.431770623113389	0.891006524188368
-0.266848920427795	0.367286029574069	0.891006524188368
-0.367286029574069	0.266848920427796	0.891006524188368
-0.431770623113389	0.140290779704295	0.891006524188368
-0.309016994374947	0	0.951056516295154
-0.293892626146237	-0.0954915028125263	0.951056516295154
-0.250000000000000	-0.181635632001340	0.951056516295154
-0.181635632001340	-0.250000000000000	0.951056516295154
-0.0954915028125263	-0.293892626146237	0.951056516295154
1.89218336521708e-17	-0.309016994374947	0.951056516295154
0.0954915028125263	-0.293892626146237	0.951056516295154
0.181635632001340	-0.250000000000000	0.951056516295154
0.250000000000000	-0.181635632001340	0.951056516295154
0.293892626146237	-0.0954915028125263	0.951056516295154
0.309016994374947	0	0.951056516295154
0.293892626146237	0.0954915028125263	0.951056516295154
0.250000000000000	0.181635632001340	0.951056516295154
0.181635632001340	0.250000000000000	0.951056516295154
0.0954915028125263	0.293892626146237	0.951056516295154
1.89218336521708e-17	0.309016994374947	0.951056516295154
-0.0954915028125263	0.293892626146237	0.951056516295154
-0.181635632001340	0.250000000000000	0.951056516295154
-0.250000000000000	0.181635632001340	0.951056516295154
-0.293892626146237	0.0954915028125263	0.951056516295154
-0.156434465040231	0	0.987688340595138
-0.148778017349658	-0.0483409082033850	0.987688340595138
-0.126558140723500	-0.0919498715009102	0.987688340595138
-0.0919498715009102	-0.126558140723500	0.987688340595138
-0.0483409082033849	-0.148778017349658	0.987688340595138
9.57884834439237e-18	-0.156434465040231	0.987688340595138
0.0483409082033850	-0.148778017349658	0.987688340595138
0.0919498715009102	-0.126558140723500	0.987688340595138
0.126558140723500	-0.0919498715009102	0.987688340595138
0.148778017349658	-0.0483409082033849	0.987688340595138
0.156434465040231	0	0.987688340595138
0.148778017349658	0.0483409082033849	0.987688340595138
0.126558140723500	0.0919498715009102	0.987688340595138
0.0919498715009102	0.126558140723500	0.987688340595138
0.0483409082033850	0.148778017349658	0.987688340595138
9.57884834439237e-18	0.156434465040231	0.987688340595138
-0.0483409082033849	0.148778017349658	0.987688340595138
-0.0919498715009102	0.126558140723500	0.987688340595138
-0.126558140723500	0.0919498715009102	0.987688340595138
-0.148778017349658	0.0483409082033850	0.987688340595138
0	0	1