RCS SIMULATOR MONOSTITC 20230511112909

Simulation Parameters:
Radar Frequency (GHz): 0.015
Wavelength (m): 20.0
Correlation distance (m): 0
Standard Deviation (m): 0
Incident wave polarization: TM-z
Number of model faces: 2
Start phi angle (degrees): 0
Stop phi angle (degrees): 90
Phi increment step (degrees): 2
Start theta angle (degrees): 0
Stop theta angle (degrees): 90
Phi increment step (degrees): 2

Simulation Results IR Signature:
Theta (deg):
[ 0.  2.  4.  6.  8. 10. 12. 14. 16. 18. 20. 22. 24. 26. 28. 30. 32. 34.
 36. 38. 40. 42. 44. 46. 48. 50. 52. 54. 56. 58. 60. 62. 64. 66. 68. 70.
 72. 74. 76. 78. 80. 82. 84. 86. 88. 90.]
[ 0.  2.  4.  6.  8. 10. 12. 14. 16. 18. 20. 22. 24. 26. 28. 30. 32. 34.
 36. 38. 40. 42. 44. 46. 48. 50. 52. 54. 56. 58. 60. 62. 64. 66. 68. 70.
 72. 74. 76. 78. 80. 82. 84. 86. 88. 90.]
[ 0.  2.  4.  6.  8. 10. 12. 14. 16. 18. 20. 22. 24. 26. 28. 30. 32. 34.
 36. 38. 40. 42. 44. 46. 48. 50. 52. 54. 56. 58. 60. 62. 64. 66. 68. 70.
 72. 74. 76. 78. 80. 82. 84. 86. 88. 90.]
[ 0.  2.  4.  6.  8. 10. 12. 14. 16. 18. 20. 22. 24. 26. 28. 30. 32. 34.
 36. 38. 40. 42. 44. 46. 48. 50. 52. 54. 56. 58. 60. 62. 64. 66. 68. 70.
 72. 74. 76. 78. 80. 82. 84. 86. 88. 90.]
[ 0.  2.  4.  6.  8. 10. 12. 14. 16. 18. 20. 22. 24. 26. 28. 30. 32. 34.
 36. 38. 40. 42. 44. 46. 48. 50. 52. 54. 56. 58. 60. 62. 64. 66. 68. 70.
 72. 74. 76. 78. 80. 82. 84. 86. 88. 90.]
[ 0.  2.  4.  6.  8. 10. 12. 14. 16. 18. 20. 22. 24. 26. 28. 30. 32. 34.
 36. 38. 40. 42. 44. 46. 48. 50. 52. 54. 56. 58. 60. 62. 64. 66. 68. 70.
 72. 74. 76. 78. 80. 82. 84. 86. 88. 90.]
[ 0.  2.  4.  6.  8. 10. 12. 14. 16. 18. 20. 22. 24. 26. 28. 30. 32. 34.
 36. 38. 40. 42. 44. 46. 48. 50. 52. 54. 56. 58. 60. 62. 64. 66. 68. 70.
 72. 74. 76. 78. 80. 82. 84. 86. 88. 90.]
[ 0.  2.  4.  6.  8. 10. 12. 14. 16. 18. 20. 22. 24. 26. 28. 30. 32. 34.
 36. 38. 40. 42. 44. 46. 48. 50. 52. 54. 56. 58. 60. 62. 64. 66. 68. 70.
 72. 74. 76. 78. 80. 82. 84. 86. 88. 90.]
[ 0.  2.  4.  6.  8. 10. 12. 14. 16. 18. 20. 22. 24. 26. 28. 30. 32. 34.
 36. 38. 40. 42. 44. 46. 48. 50. 52. 54. 56. 58. 60. 62. 64. 66. 68. 70.
 72. 74. 76. 78. 80. 82. 84. 86. 88. 90.]
[ 0.  2.  4.  6.  8. 10. 12. 14. 16. 18. 20. 22. 24. 26. 28. 30. 32. 34.
 36. 38. 40. 42. 44. 46. 48. 50. 52. 54. 56. 58. 60. 62. 64. 66. 68. 70.
 72. 74. 76. 78. 80. 82. 84. 86. 88. 90.]
[ 0.  2.  4.  6.  8. 10. 12. 14. 16. 18. 20. 22. 24. 26. 28. 30. 32. 34.
 36. 38. 40. 42. 44. 46. 48. 50. 52. 54. 56. 58. 60. 62. 64. 66. 68. 70.
 72. 74. 76. 78. 80. 82. 84. 86. 88. 90.]
[ 0.  2.  4.  6.  8. 10. 12. 14. 16. 18. 20. 22. 24. 26. 28. 30. 32. 34.
 36. 38. 40. 42. 44. 46. 48. 50. 52. 54. 56. 58. 60. 62. 64. 66. 68. 70.
 72. 74. 76. 78. 80. 82. 84. 86. 88. 90.]
[ 0.  2.  4.  6.  8. 10. 12. 14. 16. 18. 20. 22. 24. 26. 28. 30. 32. 34.
 36. 38. 40. 42. 44. 46. 48. 50. 52. 54. 56. 58. 60. 62. 64. 66. 68. 70.
 72. 74. 76. 78. 80. 82. 84. 86. 88. 90.]
[ 0.  2.  4.  6.  8. 10. 12. 14. 16. 18. 20. 22. 24. 26. 28. 30. 32. 34.
 36. 38. 40. 42. 44. 46. 48. 50. 52. 54. 56. 58. 60. 62. 64. 66. 68. 70.
 72. 74. 76. 78. 80. 82. 84. 86. 88. 90.]
[ 0.  2.  4.  6.  8. 10. 12. 14. 16. 18. 20. 22. 24. 26. 28. 30. 32. 34.
 36. 38. 40. 42. 44. 46. 48. 50. 52. 54. 56. 58. 60. 62. 64. 66. 68. 70.
 72. 74. 76. 78. 80. 82. 84. 86. 88. 90.]
[ 0.  2.  4.  6.  8. 10. 12. 14. 16. 18. 20. 22. 24. 26. 28. 30. 32. 34.
 36. 38. 40. 42. 44. 46. 48. 50. 52. 54. 56. 58. 60. 62. 64. 66. 68. 70.
 72. 74. 76. 78. 80. 82. 84. 86. 88. 90.]
[ 0.  2.  4.  6.  8. 10. 12. 14. 16. 18. 20. 22. 24. 26. 28. 30. 32. 34.
 36. 38. 40. 42. 44. 46. 48. 50. 52. 54. 56. 58. 60. 62. 64. 66. 68. 70.
 72. 74. 76. 78. 80. 82. 84. 86. 88. 90.]
[ 0.  2.  4.  6.  8. 10. 12. 14. 16. 18. 20. 22. 24. 26. 28. 30. 32. 34.
 36. 38. 40. 42. 44. 46. 48. 50. 52. 54. 56. 58. 60. 62. 64. 66. 68. 70.
 72. 74. 76. 78. 80. 82. 84. 86. 88. 90.]
[ 0.  2.  4.  6.  8. 10. 12. 14. 16. 18. 20. 22. 24. 26. 28. 30. 32. 34.
 36. 38. 40. 42. 44. 46. 48. 50. 52. 54. 56. 58. 60. 62. 64. 66. 68. 70.
 72. 74. 76. 78. 80. 82. 84. 86. 88. 90.]
[ 0.  2.  4.  6.  8. 10. 12. 14. 16. 18. 20. 22. 24. 26. 28. 30. 32. 34.
 36. 38. 40. 42. 44. 46. 48. 50. 52. 54. 56. 58. 60. 62. 64. 66. 68. 70.
 72. 74. 76. 78. 80. 82. 84. 86. 88. 90.]
[ 0.  2.  4.  6.  8. 10. 12. 14. 16. 18. 20. 22. 24. 26. 28. 30. 32. 34.
 36. 38. 40. 42. 44. 46. 48. 50. 52. 54. 56. 58. 60. 62. 64. 66. 68. 70.
 72. 74. 76. 78. 80. 82. 84. 86. 88. 90.]
[ 0.  2.  4.  6.  8. 10. 12. 14. 16. 18. 20. 22. 24. 26. 28. 30. 32. 34.
 36. 38. 40. 42. 44. 46. 48. 50. 52. 54. 56. 58. 60. 62. 64. 66. 68. 70.
 72. 74. 76. 78. 80. 82. 84. 86. 88. 90.]
[ 0.  2.  4.  6.  8. 10. 12. 14. 16. 18. 20. 22. 24. 26. 28. 30. 32. 34.
 36. 38. 40. 42. 44. 46. 48. 50. 52. 54. 56. 58. 60. 62. 64. 66. 68. 70.
 72. 74. 76. 78. 80. 82. 84. 86. 88. 90.]
[ 0.  2.  4.  6.  8. 10. 12. 14. 16. 18. 20. 22. 24. 26. 28. 30. 32. 34.
 36. 38. 40. 42. 44. 46. 48. 50. 52. 54. 56. 58. 60. 62. 64. 66. 68. 70.
 72. 74. 76. 78. 80. 82. 84. 86. 88. 90.]
[ 0.  2.  4.  6.  8. 10. 12. 14. 16. 18. 20. 22. 24. 26. 28. 30. 32. 34.
 36. 38. 40. 42. 44. 46. 48. 50. 52. 54. 56. 58. 60. 62. 64. 66. 68. 70.
 72. 74. 76. 78. 80. 82. 84. 86. 88. 90.]
[ 0.  2.  4.  6.  8. 10. 12. 14. 16. 18. 20. 22. 24. 26. 28. 30. 32. 34.
 36. 38. 40. 42. 44. 46. 48. 50. 52. 54. 56. 58. 60. 62. 64. 66. 68. 70.
 72. 74. 76. 78. 80. 82. 84. 86. 88. 90.]
[ 0.  2.  4.  6.  8. 10. 12. 14. 16. 18. 20. 22. 24. 26. 28. 30. 32. 34.
 36. 38. 40. 42. 44. 46. 48. 50. 52. 54. 56. 58. 60. 62. 64. 66. 68. 70.
 72. 74. 76. 78. 80. 82. 84. 86. 88. 90.]
[ 0.  2.  4.  6.  8. 10. 12. 14. 16. 18. 20. 22. 24. 26. 28. 30. 32. 34.
 36. 38. 40. 42. 44. 46. 48. 50. 52. 54. 56. 58. 60. 62. 64. 66. 68. 70.
 72. 74. 76. 78. 80. 82. 84. 86. 88. 90.]
[ 0.  2.  4.  6.  8. 10. 12. 14. 16. 18. 20. 22. 24. 26. 28. 30. 32. 34.
 36. 38. 40. 42. 44. 46. 48. 50. 52. 54. 56. 58. 60. 62. 64. 66. 68. 70.
 72. 74. 76. 78. 80. 82. 84. 86. 88. 90.]
[ 0.  2.  4.  6.  8. 10. 12. 14. 16. 18. 20. 22. 24. 26. 28. 30. 32. 34.
 36. 38. 40. 42. 44. 46. 48. 50. 52. 54. 56. 58. 60. 62. 64. 66. 68. 70.
 72. 74. 76. 78. 80. 82. 84. 86. 88. 90.]
[ 0.  2.  4.  6.  8. 10. 12. 14. 16. 18. 20. 22. 24. 26. 28. 30. 32. 34.
 36. 38. 40. 42. 44. 46. 48. 50. 52. 54. 56. 58. 60. 62. 64. 66. 68. 70.
 72. 74. 76. 78. 80. 82. 84. 86. 88. 90.]
[ 0.  2.  4.  6.  8. 10. 12. 14. 16. 18. 20. 22. 24. 26. 28. 30. 32. 34.
 36. 38. 40. 42. 44. 46. 48. 50. 52. 54. 56. 58. 60. 62. 64. 66. 68. 70.
 72. 74. 76. 78. 80. 82. 84. 86. 88. 90.]
[ 0.  2.  4.  6.  8. 10. 12. 14. 16. 18. 20. 22. 24. 26. 28. 30. 32. 34.
 36. 38. 40. 42. 44. 46. 48. 50. 52. 54. 56. 58. 60. 62. 64. 66. 68. 70.
 72. 74. 76. 78. 80. 82. 84. 86. 88. 90.]
[ 0.  2.  4.  6.  8. 10. 12. 14. 16. 18. 20. 22. 24. 26. 28. 30. 32. 34.
 36. 38. 40. 42. 44. 46. 48. 50. 52. 54. 56. 58. 60. 62. 64. 66. 68. 70.
 72. 74. 76. 78. 80. 82. 84. 86. 88. 90.]
[ 0.  2.  4.  6.  8. 10. 12. 14. 16. 18. 20. 22. 24. 26. 28. 30. 32. 34.
 36. 38. 40. 42. 44. 46. 48. 50. 52. 54. 56. 58. 60. 62. 64. 66. 68. 70.
 72. 74. 76. 78. 80. 82. 84. 86. 88. 90.]
[ 0.  2.  4.  6.  8. 10. 12. 14. 16. 18. 20. 22. 24. 26. 28. 30. 32. 34.
 36. 38. 40. 42. 44. 46. 48. 50. 52. 54. 56. 58. 60. 62. 64. 66. 68. 70.
 72. 74. 76. 78. 80. 82. 84. 86. 88. 90.]
[ 0.  2.  4.  6.  8. 10. 12. 14. 16. 18. 20. 22. 24. 26. 28. 30. 32. 34.
 36. 38. 40. 42. 44. 46. 48. 50. 52. 54. 56. 58. 60. 62. 64. 66. 68. 70.
 72. 74. 76. 78. 80. 82. 84. 86. 88. 90.]
[ 0.  2.  4.  6.  8. 10. 12. 14. 16. 18. 20. 22. 24. 26. 28. 30. 32. 34.
 36. 38. 40. 42. 44. 46. 48. 50. 52. 54. 56. 58. 60. 62. 64. 66. 68. 70.
 72. 74. 76. 78. 80. 82. 84. 86. 88. 90.]
[ 0.  2.  4.  6.  8. 10. 12. 14. 16. 18. 20. 22. 24. 26. 28. 30. 32. 34.
 36. 38. 40. 42. 44. 46. 48. 50. 52. 54. 56. 58. 60. 62. 64. 66. 68. 70.
 72. 74. 76. 78. 80. 82. 84. 86. 88. 90.]
[ 0.  2.  4.  6.  8. 10. 12. 14. 16. 18. 20. 22. 24. 26. 28. 30. 32. 34.
 36. 38. 40. 42. 44. 46. 48. 50. 52. 54. 56. 58. 60. 62. 64. 66. 68. 70.
 72. 74. 76. 78. 80. 82. 84. 86. 88. 90.]
[ 0.  2.  4.  6.  8. 10. 12. 14. 16. 18. 20. 22. 24. 26. 28. 30. 32. 34.
 36. 38. 40. 42. 44. 46. 48. 50. 52. 54. 56. 58. 60. 62. 64. 66. 68. 70.
 72. 74. 76. 78. 80. 82. 84. 86. 88. 90.]
[ 0.  2.  4.  6.  8. 10. 12. 14. 16. 18. 20. 22. 24. 26. 28. 30. 32. 34.
 36. 38. 40. 42. 44. 46. 48. 50. 52. 54. 56. 58. 60. 62. 64. 66. 68. 70.
 72. 74. 76. 78. 80. 82. 84. 86. 88. 90.]
[ 0.  2.  4.  6.  8. 10. 12. 14. 16. 18. 20. 22. 24. 26. 28. 30. 32. 34.
 36. 38. 40. 42. 44. 46. 48. 50. 52. 54. 56. 58. 60. 62. 64. 66. 68. 70.
 72. 74. 76. 78. 80. 82. 84. 86. 88. 90.]
[ 0.  2.  4.  6.  8. 10. 12. 14. 16. 18. 20. 22. 24. 26. 28. 30. 32. 34.
 36. 38. 40. 42. 44. 46. 48. 50. 52. 54. 56. 58. 60. 62. 64. 66. 68. 70.
 72. 74. 76. 78. 80. 82. 84. 86. 88. 90.]
[ 0.  2.  4.  6.  8. 10. 12. 14. 16. 18. 20. 22. 24. 26. 28. 30. 32. 34.
 36. 38. 40. 42. 44. 46. 48. 50. 52. 54. 56. 58. 60. 62. 64. 66. 68. 70.
 72. 74. 76. 78. 80. 82. 84. 86. 88. 90.]
[ 0.  2.  4.  6.  8. 10. 12. 14. 16. 18. 20. 22. 24. 26. 28. 30. 32. 34.
 36. 38. 40. 42. 44. 46. 48. 50. 52. 54. 56. 58. 60. 62. 64. 66. 68. 70.
 72. 74. 76. 78. 80. 82. 84. 86. 88. 90.]

RCS Theta (dBsm):
[ 24.97149873  24.94879685  24.88067935  24.76711025  24.60802813
  24.40334408  24.15293855  23.85665741  23.5143068   23.12564685
  22.69038416  22.20816266  21.67855289  21.1010392   20.47500477
  19.79971382  19.07429068  18.29769498  17.46869222  16.58581876
  15.64733984  14.65119912  13.5949576   12.47571913  11.29003887
  10.0338098    8.70212068   7.28907624   5.78756676   4.18896881
   2.48275073   0.65594315  -1.30758487  -3.42813796  -5.73164521
  -8.25180125 -11.03333566 -14.13721197 -17.64931166 -21.69585219
 -26.47298333 -30.         -30.         -30.         -30.
 -30.        ]
[ 24.97149873  25.05750748  24.9028673   24.76761621  24.59441382
  24.37597722  24.11035796  23.85669887  23.51437791  23.12576147
  22.6905601   22.20842236  21.67892406  21.1015557   20.47570747
  19.80065171  19.07552211  18.29928916  17.47073107  16.58839906
  15.65057598  14.65522652  13.59993698  12.48184195  11.29753441
  10.04295439   8.71324987   7.30260115   5.80399641   4.20894103
   2.50707573   0.68566651  -1.27108938  -3.38302749  -5.6753874
  -8.18081655 -10.94239169 -14.01834393 -17.48977443 -21.4739216
 -26.1484467  -30.         -30.         -30.         -30.
 -30.        ]
[ 24.97149873  25.39246862  24.98403278  24.7934878   24.60804553
  24.40338668  24.15302722  23.85682244  23.51458985  23.12610308
  22.69108449  22.20919634  21.68003027  21.10309498  20.4778016
  19.80344659  19.07919151  18.30403915  17.47680539  16.59608563
  15.66021497  14.6672203   13.61476275  12.50006777  11.31983983
  10.07015734   8.74634216   7.34279591   5.85279253   4.26821203
   2.5791946    0.77368449  -1.16318087  -3.24990324  -5.50977988
  -7.97254326 -10.67673972 -13.67326447 -17.03074609 -20.84393782
 -25.24699144 -30.         -30.         -30.         -30.
 -30.        ]
[ 24.97149873  25.96212719  25.13705579  24.7671225   24.60806696
  24.40343915  24.15313645  23.85702572  23.51493849  23.12666501
  22.69194707  22.21046944  21.68184976  21.10562661  20.48124553
  19.80804252  19.08522478  18.31184798  17.48678954  16.60871696
  15.67605036  14.68691772  13.6391014   12.52997361  11.3564183
  10.11473578   8.80052545   7.40854041   5.93250564   4.36488835
   2.69660505   0.91664383  -0.98842814  -3.03511406  -5.24385354
  -7.64018885 -10.25634735 -13.13339354 -16.32413344 -19.89693442
 -23.94048878 -28.56954339 -30.         -30.         -30.
 -30.        ]
[ 24.97149873  26.76164591  24.8806836   24.76713179  24.60809637
  24.40351117  24.15328637  23.85730473  23.51541703  23.1274363
  22.69313096  22.21221668  21.68434671  21.10910059  20.48597086
  19.81434759  19.09350025  18.32255654  17.50047751  16.62602842
  15.69774432  14.71388939  13.67240868  12.5708705   11.40639736
  10.17558282   8.87439061   7.49803166   6.04081325   4.49595277
   2.85534643   1.10928047  -0.75393098  -2.74840117  -4.89124255
  -7.20328064  -9.70993237 -12.44225802 -15.4381706  -18.74379293
 -22.41528953 -26.52375172 -30.         -30.         -30.
 -30.        ]
[ 24.97149873  27.76603787  24.88068589  24.76714341  24.60813319
  24.40360135  24.15347407  23.85765405  23.51601614  23.12840187
  22.694613    22.21440382  21.68747206  21.11344835  20.49188386
  19.82223593  19.10385142  18.33594726  17.5175879   16.647659
  15.72483668  14.74755153  13.71394635  12.62182641  11.46860059
  10.25121175   8.96605375   7.60887259   6.17464815   4.65745252
   3.0502803    1.34484559  -0.4686596   -2.40185022  -4.46847884
  -6.68481037  -9.07003426 -11.64671204 -14.44131476 -17.48517755
 -20.81727233 -24.49418369 -28.62764832 -30.         -30.
 -30.        ]
[ 24.97149873  28.93377108  24.8806886   24.76715715  24.60817671
  24.40370792  24.15369589  23.85806687  23.51672414  23.12954289
  22.69636424  22.21698801  21.69116439  21.11858417  20.49886741
  19.83155041  19.11607058  18.35174905  17.53777056  16.67316028
  15.75675703  14.78718226  13.76280421  12.68169628  11.54158878
  10.33981286   9.07323541   7.73818353   6.33035707   4.84472777
   3.27542379   1.61559877  -0.14271437  -2.00876348  -3.9932488
  -6.10850584  -8.36871348 -10.7901942  -13.39204321 -16.19783312
 -19.2406437  -22.57818772 -26.33964277 -30.         -30.
 -30.        ]
[ 24.97149873  24.94879762  24.88069168  24.76717273  24.60822607
  24.40382881  24.15394752  23.85853515  23.51752721  23.13083709
  22.69835044  22.21991867  21.69535127  21.12440695  20.50678348
  19.84210595  19.1299134   18.36964345  17.56061483  16.70200739
  15.79283932  14.8319412   13.8179264   12.74915747  11.62370789
  10.43931883   9.1933503    7.88272628   6.50387362   5.05265471
   3.52429405   1.91329976   0.21338056  -1.58264163  -3.48292835
  -5.49674893  -7.63468937  -9.90910192 -12.33520135 -14.93384368
 -17.73864163 -20.81451622 -24.30888797 -28.61569477 -30.
 -30.        ]
[ 24.97149873  24.94879783  24.88069505  24.76718985  24.60828033
  24.40396167  24.15422405  23.85904976  23.51840973  23.13225922
  22.70053283  22.22313848  21.69995062  21.13080225  20.51547594
  19.85369346  19.14510416  18.38927165  17.58565892  16.7336115
  15.83233849  14.88089145  13.87814059  12.82274852  11.71314089
  10.54747429   9.32360098   8.03903083   6.69089045   5.27588007
   3.79022835   2.22964497   0.58926923  -1.13639186  -2.95355312
  -4.86931154  -6.89197731  -9.03180399 -11.3026328  -13.72562227
 -16.33781802 -19.21255394 -22.51226079 -26.65245756 -30.
 -30.        ]
[ 24.97149873  24.94879805  24.88069867  24.76720819  24.60833841
  24.40410391  24.1545201   23.85960068  23.51935447  23.13378156
  22.70286881  22.22658452  21.70487242  21.13764462  20.52477378
  19.86608417  19.16134162  18.41024232  17.61240028  16.76733345
  15.87444832  14.933023    13.94218871  12.90090956  11.80796079
  10.66190542   9.46106949   8.20351604   6.88701791   5.50902931
   4.0666552    2.55661602   0.97520146  -0.68180116  -2.4192345
  -4.24281937  -6.15965612  -8.17925211 -10.31564085 -12.5917984
 -15.04907631 -17.76844666 -20.92368598 -24.9446028  -30.
 -30.        ]
[ 24.97149873  24.94879829  24.88070245  24.76722738  24.6083992
  24.40425276  24.15482991  23.86017719  23.52034305  23.13537444
  22.70531282  22.23018952  21.71002046  21.14480008  20.53449458
  19.87903433  19.17830533  18.43213994  17.6403065   16.80249803
  15.91831998  14.98727688  14.00875804  12.98202236  11.90618216
  10.78018625   9.60280222   8.37259782   7.08792106   5.7468778
   4.34730426   2.88672895   1.36231276  -0.22925441  -1.89194247
  -3.63073509  -5.45230124  -7.36627755  -9.38773979 -11.54205545
 -13.87476636 -16.47313729 -19.51924085 -23.45240498 -29.7287139
 -30.        ]
[ 24.97149873  24.94879853  24.88070633  24.76724704  24.6084615
  24.40440533  24.15514744  23.86076806  23.52135622  23.13700683
  22.70781723  22.23388317  21.71529427  21.15212883  20.54444817
  19.89229015  19.19566217  18.45453345  17.6688266   16.83840856
  15.9630808   15.04256891  14.07651153  13.06444866  12.0058094
  10.89989896   9.74588472   8.54278088   7.28943022   5.98448088
   4.6263533    3.21318914   1.74276659   0.21235461  -1.38154343
  -3.04364571  -4.78070857  -6.60300216  -8.52701739 -10.5805677
 -12.81287212 -15.31615132 -18.27847838 -22.14560919 -28.37949837
 -30.        ]
[ 24.97149873  24.94879878  24.88071023  24.76726681  24.6085241
  24.40455863  24.15546652  23.86136179  23.52237424  23.13864694
  22.71033328  22.23759353  21.72059108  21.15948802  20.5544404
  19.90559292  19.21307309  18.47698499  17.69740234  16.87436129
  16.00785248  15.0978128   14.14411648  13.14656564  12.10488019
  11.0186865    9.88750454   8.71073215   7.48762433   6.21726403
   4.898518     3.52996685   2.10979075   0.63557932  -0.89598835
  -2.48968646  -4.15267114  -5.89609048  -7.73793549  -9.70826877
 -11.85937226 -14.28728622 -17.18442204 -21.00094622 -27.20268077
 -30.        ]
[ 24.97149873  24.94879902  24.88071407  24.76728628  24.6085858
  24.4047097   24.15578093  23.86194682  23.5233773   23.14026286
  22.71281198  22.2412484   21.72580784  21.16673447  20.56427694
  19.918684    19.23019977  18.49905855  17.72547925  16.90965939
  16.05176859  15.15194164  14.21027087  13.22679775  12.20150332
  11.13429683  10.02500159   8.87333628   7.67888877   6.44107781
   5.15909467   3.83181227   2.45764095   1.03429721  -0.4415704
  -1.97499209  -3.57368596  -5.24975455  -7.02261637  -8.92428802
 -11.00953014 -13.37729756 -16.22315246 -20.00033672 -26.17728503
 -30.        ]
[ 2.49714987e+01  2.49487992e+01  2.48807178e+01  2.47673051e+01
  2.46086454e+01  2.44048556e+01  2.41560846e+01  2.38625118e+01
  2.35243459e+01  2.31418231e+01  2.27152052e+01  2.22447767e+01
  2.17308432e+01  2.11737276e+01  2.05737671e+01  1.99313099e+01
  1.92467111e+01  1.85203284e+01  1.77525173e+01  1.69436262e+01
  1.60939908e+01  1.52039277e+01  1.42737270e+01  1.33036444e+01
  1.22938906e+01  1.12446186e+01  1.01559066e+01  9.02773459e+00
  7.85995114e+00  6.65222406e+00  5.40396722e+00  4.11422892e+00
  2.78152027e+00  1.40354892e+00 -2.31982348e-02 -1.50411596e+00
 -3.04754390e+00 -4.66651510e+00 -6.38172698e+00 -8.22683666e+00
 -1.02585767e+01 -1.25781168e+01 -1.53833218e+01 -1.91296098e+01
 -2.52872190e+01 -3.00000000e+01]
[ 24.97149873  24.94879947  24.88072128  24.76732286  24.60870168
  24.40499347  24.1563715   23.86304563  23.52526118  23.14329747
  22.7174663   22.24811004  21.73559955  21.18033182  20.58272734
  19.94322717  19.26228968  18.54038694  17.77800063  16.97561748
  16.13372395  15.25280013  14.33331227  13.37570367  12.38038296
  11.34770871  10.27796855   9.17135002   8.02789917   6.8474606
   5.62958953   4.37342145   3.0774771    1.7393679    0.35534624
  -1.08039042  -2.57679703  -4.14775784  -5.81507244  -7.61374393
  -9.60205617 -11.88285879 -14.65570971 -18.37758661 -24.51999417
 -30.        ]
[ 24.97149873  24.94879967  24.88072451  24.76733926  24.60875361
  24.40512064  24.15663615  23.86353805  23.52610535  23.14465718
  22.7195515   22.25118365  21.73998472  21.18641962  20.59098499
  19.95420673  19.27663726  18.55885231  17.80144725  17.00503264
  16.17022904  15.29766054  14.38794656  13.44169149  12.4594709
  11.44181303  10.38917361   9.30190067   8.18018518   7.02399071
   5.83295245   4.60623075   3.3422971    2.03861783   0.69118112
  -0.70622217  -2.16311628  -3.6941307   -5.32198786  -7.08277554
  -9.03598674 -11.28574282 -14.03285165 -17.73541861 -23.8658498
 -30.        ]
[ 24.97149873  24.94879985  24.88072741  24.76735395  24.60880016
  24.40523463  24.15687339  23.86397942  23.526862    23.14587586
  22.72142029  22.25393802  21.74391392  21.19187352  20.59838124
  19.96403835  19.28948054  18.57537499  17.8224168   17.03132466
  16.20283525  15.33769628  14.43665729  13.50045765  12.52981042
  11.52538072  10.48775594   9.41740495   8.31462125   7.17944348
   6.01154318   4.81006535   3.57339948   2.29884735   0.98213391
  -0.38332655  -1.80755913  -3.30582295  -4.90159374  -6.63181848
  -8.55692273 -10.78198608 -13.50873933 -17.19610683 -23.31714102
 -30.        ]
[ 24.97149873  24.94880001  24.88072992  24.76736666  24.60884043
  24.40533323  24.15707858  23.86436118  23.52751642  23.14692984
  22.72303643  22.25631981  21.74731125  21.19658848  20.60477421
  19.97253437  19.30057588  18.5896439   17.84051822  17.05400881
  16.23094978  15.37219173  14.4785914   13.55099798  12.59023469
  11.59707394  10.57220354   9.51618067   8.42936855   7.31184926
   6.16330241   4.9828354    3.76874342   2.5181659    1.22658663
  -0.11290868  -1.51076632  -2.98275902  -4.55296076  -6.258985
  -8.16196555 -10.36769626 -13.07858501 -16.75414903 -22.86790384
 -30.        ]
[ 24.97149873  24.94880013  24.88073199  24.76737714  24.60887363
  24.40541451  24.15724773  23.86467589  23.5280559   23.14779867
  22.72436859  22.25828295  21.75011117  21.20047385  20.61004152
  19.97953304  19.30971355  18.60139166  17.85541594  17.07267003
  16.25406633  15.40053749  14.51302499  13.59246389  12.63976232
  11.65577382  10.6412601    9.59684055   8.52292377   7.41961407
   6.28658325   5.12289313   3.92674764   2.69514146   1.42335343
   0.10419923  -1.27310439  -2.72473163  -4.27521475  -5.96266841
  -7.84875043 -10.03977545 -12.73863889 -16.40528047 -22.51354313
 -30.        ]
[ 24.97149873  24.94880023  24.88073357  24.76738518  24.6088991
  24.4054769   24.15737757  23.86491744  23.52846995  23.14846548
  22.72539096  22.25978948  21.7522597   21.20345501  20.61408251
  19.98490147  19.31672135  18.61039904  17.86683517  17.08696906
  16.27177192  15.42223771  14.53937079  13.62416935  12.67760316
  11.70058373  10.69392428   9.65828588   8.59410496   7.50149529
   6.38011465   5.228982     4.04622411   2.82871927   1.57158656
   0.26743603  -1.09476722  -2.53149219  -4.06760264  -5.74157086
  -7.61542395  -9.79583963 -12.48605001 -16.14628434 -22.2506086
 -30.        ]
[ 24.97149873  24.9488003   24.88073465  24.76739063  24.60891637
  24.40551918  24.15746555  23.86508112  23.52875054  23.14891734
  22.72608375  22.2608103   21.75371545  21.20547477  20.61682007
  19.98853788  19.32146755  18.61649845  17.87456616  17.09664728
  16.28375226  15.43691581  14.55718383  13.64559595  12.70316203
  11.73083081  10.72944792   9.69969979   8.64203848   7.55658064
   6.44297086   5.30019554   4.12632609   2.91815973   1.6707065
   0.37643825  -0.97584682  -2.40281103  -3.92953319  -5.59471549
  -7.46062034  -9.63415509 -12.31876338 -15.9748554  -22.0766359
 -30.        ]
[ 24.97149873  24.94880033  24.88073519  24.76739339  24.60892509
  24.40554052  24.15750998  23.86516377  23.52889221  23.14914549
  22.72643352  22.26132569  21.75445039  21.20649442  20.61820201
  19.99037345  19.32386311  18.61957668  17.87846732  17.10153028
  16.28979567  15.4443185   14.56616535  13.65639634  12.71604108
  11.74606647  10.74733379   9.7205414    8.66614829   7.58427151
   6.47454796   5.33594655   4.16650991   2.96299371   1.72035279
   0.43098964  -0.91638068  -2.33851612  -3.86060126  -5.52145066
  -7.38344125  -9.55359158 -12.23544735 -15.88950576 -21.99003815
 -30.        ]
[ 24.97149873  24.94880033  24.88073519  24.76739339  24.60892509
  24.40554052  24.15750998  23.86516377  23.52889221  23.14914549
  22.72643352  22.26132569  21.75445039  21.20649442  20.61820201
  19.99037345  19.32386311  18.61957668  17.87846732  17.10153028
  16.28979567  15.4443185   14.56616535  13.65639634  12.71604108
  11.74606647  10.74733379   9.7205414    8.66614829   7.58427151
   6.47454796   5.33594655   4.16650991   2.96299371   1.72035279
   0.43098964  -0.91638068  -2.33851612  -3.86060126  -5.52145066
  -7.38344125  -9.55359158 -12.23544735 -15.88950576 -21.99003815
 -30.        ]
[ 24.97149873  24.9488003   24.88073465  24.76739063  24.60891637
  24.40551918  24.15746555  23.86508112  23.52875054  23.14891734
  22.72608375  22.2608103   21.75371545  21.20547477  20.61682007
  19.98853788  19.32146755  18.61649845  17.87456616  17.09664728
  16.28375226  15.43691581  14.55718383  13.64559595  12.70316203
  11.73083081  10.72944792   9.69969979   8.64203848   7.55658064
   6.44297086   5.30019554   4.12632609   2.91815973   1.6707065
   0.37643825  -0.97584682  -2.40281103  -3.92953319  -5.59471549
  -7.46062034  -9.63415509 -12.31876338 -15.9748554  -22.0766359
 -30.        ]
[ 24.97149873  24.94880023  24.88073357  24.76738518  24.6088991
  24.4054769   24.15737757  23.86491744  23.52846995  23.14846548
  22.72539096  22.25978948  21.7522597   21.20345501  20.61408251
  19.98490147  19.31672135  18.61039904  17.86683517  17.08696906
  16.27177192  15.42223771  14.53937079  13.62416935  12.67760316
  11.70058373  10.69392428   9.65828588   8.59410496   7.50149529
   6.38011465   5.228982     4.04622411   2.82871927   1.57158656
   0.26743603  -1.09476722  -2.53149219  -4.06760264  -5.74157086
  -7.61542395  -9.79583963 -12.48605001 -16.14628434 -22.2506086
 -30.        ]
[ 24.97149873  24.94880013  24.88073199  24.76737714  24.60887363
  24.40541451  24.15724773  23.86467589  23.5280559   23.14779867
  22.72436859  22.25828295  21.75011117  21.20047385  20.61004152
  19.97953304  19.30971355  18.60139166  17.85541594  17.07267003
  16.25406633  15.40053749  14.51302499  13.59246389  12.63976232
  11.65577382  10.6412601    9.59684055   8.52292377   7.41961407
   6.28658325   5.12289313   3.92674764   2.69514146   1.42335343
   0.10419923  -1.27310439  -2.72473163  -4.27521475  -5.96266841
  -7.84875043 -10.03977545 -12.73863889 -16.40528047 -22.51354313
 -30.        ]
[ 24.97149873  24.94880001  24.88072992  24.76736666  24.60884043
  24.40533323  24.15707858  23.86436118  23.52751642  23.14692984
  22.72303643  22.25631981  21.74731125  21.19658848  20.60477421
  19.97253437  19.30057588  18.5896439   17.84051822  17.05400881
  16.23094978  15.37219173  14.4785914   13.55099798  12.59023469
  11.59707394  10.57220354   9.51618067   8.42936855   7.31184926
   6.16330241   4.9828354    3.76874342   2.5181659    1.22658663
  -0.11290868  -1.51076632  -2.98275902  -4.55296076  -6.258985
  -8.16196555 -10.36769626 -13.07858501 -16.75414903 -22.86790384
 -30.        ]
[ 24.97149873  24.94879985  24.88072741  24.76735395  24.60880016
  24.40523463  24.15687339  23.86397942  23.526862    23.14587586
  22.72142029  22.25393802  21.74391392  21.19187352  20.59838124
  19.96403835  19.28948054  18.57537499  17.8224168   17.03132466
  16.20283525  15.33769628  14.43665729  13.50045765  12.52981042
  11.52538072  10.48775594   9.41740495   8.31462125   7.17944348
   6.01154318   4.81006535   3.57339948   2.29884735   0.98213391
  -0.38332655  -1.80755913  -3.30582295  -4.90159374  -6.63181848
  -8.55692273 -10.78198608 -13.50873933 -17.19610683 -23.31714102
 -30.        ]
[ 24.97149873  24.94879967  24.88072451  24.76733926  24.60875361
  24.40512064  24.15663615  23.86353805  23.52610535  23.14465718
  22.7195515   22.25118365  21.73998472  21.18641962  20.59098499
  19.95420673  19.27663726  18.55885231  17.80144725  17.00503264
  16.17022904  15.29766054  14.38794656  13.44169149  12.4594709
  11.44181303  10.38917361   9.30190067   8.18018518   7.02399071
   5.83295245   4.60623075   3.3422971    2.03861783   0.69118112
  -0.70622217  -2.16311628  -3.6941307   -5.32198786  -7.08277554
  -9.03598674 -11.28574282 -14.03285165 -17.73541861 -23.8658498
 -30.        ]
[ 24.97149873  24.94879947  24.88072128  24.76732286  24.60870168
  24.40499347  24.1563715   23.86304563  23.52526118  23.14329747
  22.7174663   22.24811004  21.73559955  21.18033182  20.58272734
  19.94322717  19.26228968  18.54038694  17.77800063  16.97561748
  16.13372395  15.25280013  14.33331227  13.37570367  12.38038296
  11.34770871  10.27796855   9.17135002   8.02789917   6.8474606
   5.62958953   4.37342145   3.0774771    1.7393679    0.35534624
  -1.08039042  -2.57679703  -4.14775784  -5.81507244  -7.61374393
  -9.60205617 -11.88285879 -14.65570971 -18.37758661 -24.51999417
 -30.        ]
[ 2.49714987e+01  2.49487992e+01  2.48807178e+01  2.47673051e+01
  2.46086454e+01  2.44048556e+01  2.41560846e+01  2.38625118e+01
  2.35243459e+01  2.31418231e+01  2.27152052e+01  2.22447767e+01
  2.17308432e+01  2.11737276e+01  2.05737671e+01  1.99313099e+01
  1.92467111e+01  1.85203284e+01  1.77525173e+01  1.69436262e+01
  1.60939908e+01  1.52039277e+01  1.42737270e+01  1.33036444e+01
  1.22938906e+01  1.12446186e+01  1.01559066e+01  9.02773459e+00
  7.85995114e+00  6.65222406e+00  5.40396722e+00  4.11422892e+00
  2.78152027e+00  1.40354892e+00 -2.31982348e-02 -1.50411596e+00
 -3.04754390e+00 -4.66651510e+00 -6.38172698e+00 -8.22683666e+00
 -1.02585767e+01 -1.25781168e+01 -1.53833218e+01 -1.91296098e+01
 -2.52872190e+01 -3.00000000e+01]
[ 24.97149873  24.94879902  24.88071407  24.76728628  24.6085858
  24.4047097   24.15578093  23.86194682  23.5233773   23.14026286
  22.71281198  22.2412484   21.72580784  21.16673447  20.56427694
  19.918684    19.23019977  18.49905855  17.72547925  16.90965939
  16.05176859  15.15194164  14.21027087  13.22679775  12.20150332
  11.13429683  10.02500159   8.87333628   7.67888877   6.44107781
   5.15909467   3.83181227   2.45764095   1.03429721  -0.4415704
  -1.97499209  -3.57368596  -5.24975455  -7.02261637  -8.92428802
 -11.00953014 -13.37729756 -16.22315246 -20.00033672 -26.17728503
 -30.        ]
[ 24.97149873  24.94879878  24.88071023  24.76726681  24.6085241
  24.40455863  24.15546652  23.86136179  23.52237424  23.13864694
  22.71033328  22.23759353  21.72059108  21.15948802  20.5544404
  19.90559292  19.21307309  18.47698499  17.69740234  16.87436129
  16.00785248  15.0978128   14.14411648  13.14656564  12.10488019
  11.0186865    9.88750454   8.71073215   7.48762433   6.21726403
   4.898518     3.52996685   2.10979075   0.63557932  -0.89598835
  -2.48968646  -4.15267114  -5.89609048  -7.73793549  -9.70826877
 -11.85937226 -14.28728622 -17.18442204 -21.00094622 -27.20268077
 -30.        ]
[ 24.97149873  24.94879853  24.88070633  24.76724704  24.6084615
  24.40440533  24.15514744  23.86076806  23.52135622  23.13700683
  22.70781723  22.23388317  21.71529427  21.15212883  20.54444817
  19.89229015  19.19566217  18.45453345  17.6688266   16.83840856
  15.9630808   15.04256891  14.07651153  13.06444866  12.0058094
  10.89989896   9.74588472   8.54278088   7.28943022   5.98448088
   4.6263533    3.21318914   1.74276659   0.21235461  -1.38154343
  -3.04364571  -4.78070857  -6.60300216  -8.52701739 -10.5805677
 -12.81287212 -15.31615132 -18.27847838 -22.14560919 -28.37949837
 -30.        ]
[ 24.97149873  24.94879829  24.88070245  24.76722738  24.6083992
  24.40425276  24.15482991  23.86017719  23.52034305  23.13537444
  22.70531282  22.23018952  21.71002046  21.14480008  20.53449458
  19.87903433  19.17830533  18.43213994  17.6403065   16.80249803
  15.91831998  14.98727688  14.00875804  12.98202236  11.90618216
  10.78018625   9.60280222   8.37259782   7.08792106   5.7468778
   4.34730426   2.88672895   1.36231276  -0.22925441  -1.89194247
  -3.63073509  -5.45230124  -7.36627755  -9.38773979 -11.54205545
 -13.87476636 -16.47313729 -19.51924085 -23.45240498 -29.7287139
 -30.        ]
[ 24.97149873  24.94879805  24.88069867  24.76720819  24.60833841
  24.40410391  24.1545201   23.85960068  23.51935447  23.13378156
  22.70286881  22.22658452  21.70487242  21.13764462  20.52477378
  19.86608417  19.16134162  18.41024232  17.61240028  16.76733345
  15.87444832  14.933023    13.94218871  12.90090956  11.80796079
  10.66190542   9.46106949   8.20351604   6.88701791   5.50902931
   4.0666552    2.55661602   0.97520146  -0.68180116  -2.4192345
  -4.24281937  -6.15965612  -8.17925211 -10.31564085 -12.5917984
 -15.04907631 -17.76844666 -20.92368598 -24.9446028  -30.
 -30.        ]
[ 24.97149873  24.94879783  24.88069505  24.76718985  24.60828033
  24.40396167  24.15422405  23.85904976  23.51840973  23.13225922
  22.70053283  22.22313848  21.69995062  21.13080225  20.51547594
  19.85369346  19.14510416  18.38927165  17.58565892  16.7336115
  15.83233849  14.88089145  13.87814059  12.82274852  11.71314089
  10.54747429   9.32360098   8.03903083   6.69089045   5.27588007
   3.79022835   2.22964497   0.58926923  -1.13639186  -2.95355312
  -4.86931154  -6.89197731  -9.03180399 -11.3026328  -13.72562227
 -16.33781802 -19.21255394 -22.51226079 -26.65245756 -30.
 -30.        ]
[ 24.97149873  24.94879762  24.88069168  24.76717273  24.60822607
  24.40382881  24.15394752  23.85853515  23.51752721  23.13083709
  22.69835044  22.21991867  21.69535127  21.12440695  20.50678348
  19.84210595  19.1299134   18.36964345  17.56061483  16.70200739
  15.79283932  14.8319412   13.8179264   12.74915747  11.62370789
  10.43931883   9.1933503    7.88272628   6.50387362   5.05265471
   3.52429405   1.91329976   0.21338056  -1.58264163  -3.48292835
  -5.49674893  -7.63468937  -9.90910192 -12.33520135 -14.93384368
 -17.73864163 -20.81451622 -24.30888797 -28.61569477 -30.
 -30.        ]
[ 24.97149873  25.30938052  24.8806886   24.76715715  24.60817671
  24.40370792  24.15369589  23.85806687  23.51672414  23.12954289
  22.69636424  22.21698801  21.69116439  21.11858417  20.49886741
  19.83155041  19.11607058  18.35174905  17.53777056  16.67316028
  15.75675703  14.78718226  13.76280421  12.68169628  11.54158878
  10.33981286   9.07323541   7.73818353   6.33035707   4.84472777
   3.27542379   1.61559877  -0.14271437  -2.00876348  -3.9932488
  -6.10850584  -8.36871348 -10.7901942  -13.39204321 -16.19783312
 -19.2406437  -22.57818772 -26.33964277 -30.         -30.
 -30.        ]
[ 24.97149873  25.07916731  24.88068589  24.76714341  24.60813319
  24.40360135  24.15347407  23.85765405  23.51601614  23.12840187
  22.694613    22.21440382  21.68747206  21.11344835  20.49188386
  19.82223593  19.10385142  18.33594726  17.5175879   16.647659
  15.72483668  14.74755153  13.71394635  12.62182641  11.46860059
  10.25121175   8.96605375   7.60887259   6.17464815   4.65745252
   3.0502803    1.34484559  -0.4686596   -2.40185022  -4.46847884
  -6.68481037  -9.07003426 -11.64671204 -14.44131476 -17.48517755
 -20.81727233 -24.49418369 -28.62764832 -30.         -30.
 -30.        ]
[ 24.97149873  24.99543292  24.8806836   24.76713179  24.60809637
  24.40351117  24.15328637  23.85730473  23.51541703  23.1274363
  22.69313096  22.21221668  21.68434671  21.10910059  20.48597086
  19.81434759  19.09350025  18.32255654  17.50047751  16.62602842
  15.69774432  14.71388939  13.67240868  12.5708705   11.40639736
  10.17558282   8.87439061   7.49803166   6.04081325   4.49595277
   2.85534643   1.10928047  -0.75393098  -2.74840117  -4.89124255
  -7.20328064  -9.70993237 -12.44225802 -15.4381706  -18.74379293
 -22.41528953 -26.52375172 -30.         -30.         -30.
 -30.        ]
[ 24.97149873  24.96543349  24.90526924  24.7671225   24.60806696
  24.40343915  24.15313645  23.85702572  23.51493849  23.12666501
  22.69194707  22.21046944  21.68184976  21.10562661  20.48124553
  19.80804252  19.08522478  18.31184798  17.48678954  16.60871696
  15.67605036  14.68691772  13.6391014   12.52997361  11.3564183
  10.11473578   8.80052545   7.40854041   5.93250564   4.36488835
   2.69660505   0.91664383  -0.98842814  -3.03511406  -5.24385354
  -7.64018885 -10.25634735 -13.13339354 -16.32413344 -19.89693442
 -23.94048878 -28.56954339 -30.         -30.         -30.
 -30.        ]
[ 24.97149873  24.9543782   24.89276323  24.79021291  24.60804553
  24.40338668  24.15302722  23.85682244  23.51458985  23.12610308
  22.69108449  22.20919634  21.68003027  21.10309498  20.4778016
  19.80344659  19.07919151  18.30403915  17.47680539  16.59608563
  15.66021497  14.6672203   13.61476275  12.50006777  11.31983983
  10.07015734   8.74634216   7.34279591   5.85279253   4.26821203
   2.5791946    0.77368449  -1.16318087  -3.24990324  -5.50977988
  -7.97254326 -10.67673972 -13.67326447 -17.03074609 -20.84393782
 -25.24699144 -30.         -30.         -30.         -30.
 -30.        ]
[ 24.97149873  24.95034249  24.88570392  24.77795315  24.62705566
  24.43296222  24.19560606  23.85669887  23.51437791  23.12576147
  22.6905601   22.20842236  21.67892406  21.1015557   20.47570747
  19.80065171  19.07552211  18.29928916  17.47073107  16.58839906
  15.65057598  14.65522652  13.59993698  12.48184195  11.29753441
  10.04295439   8.71324987   7.30260115   5.80399641   4.20894103
   2.50707573   0.68566651  -1.27108938  -3.38302749  -5.6753874
  -8.18081655 -10.94239169 -14.01834393 -17.48977443 -21.4739216
 -26.1484467  -30.         -30.         -30.         -30.
 -30.        ]
[ 24.97149873  24.94879685  24.88067935  24.76711025  24.60802813
  24.40334408  24.15293855  23.85665741  23.5143068   23.12564685
  22.69038416  22.20816266  21.67855289  21.1010392   20.47500477
  19.79971382  19.07429068  18.29769498  17.46869222  16.58581876
  15.64733984  14.65119912  13.5949576   12.47571913  11.29003887
  10.0338098    8.70212068   7.28907624   5.78756676   4.18896881
   2.48275073   0.65594315  -1.30758487  -3.42813796  -5.73164521
  -8.25180125 -11.03333566 -14.13721197 -17.64931166 -21.69585219
 -26.47298333 -30.         -30.         -30.         -30.
 -30.        ]

Phi (deg):
[0. 0. 0. 0. 0. 0. 0. 0. 0. 0. 0. 0. 0. 0. 0. 0. 0. 0. 0. 0. 0. 0. 0. 0.
 0. 0. 0. 0. 0. 0. 0. 0. 0. 0. 0. 0. 0. 0. 0. 0. 0. 0. 0. 0. 0. 0.]
[2. 2. 2. 2. 2. 2. 2. 2. 2. 2. 2. 2. 2. 2. 2. 2. 2. 2. 2. 2. 2. 2. 2. 2.
 2. 2. 2. 2. 2. 2. 2. 2. 2. 2. 2. 2. 2. 2. 2. 2. 2. 2. 2. 2. 2. 2.]
[4. 4. 4. 4. 4. 4. 4. 4. 4. 4. 4. 4. 4. 4. 4. 4. 4. 4. 4. 4. 4. 4. 4. 4.
 4. 4. 4. 4. 4. 4. 4. 4. 4. 4. 4. 4. 4. 4. 4. 4. 4. 4. 4. 4. 4. 4.]
[6. 6. 6. 6. 6. 6. 6. 6. 6. 6. 6. 6. 6. 6. 6. 6. 6. 6. 6. 6. 6. 6. 6. 6.
 6. 6. 6. 6. 6. 6. 6. 6. 6. 6. 6. 6. 6. 6. 6. 6. 6. 6. 6. 6. 6. 6.]
[8. 8. 8. 8. 8. 8. 8. 8. 8. 8. 8. 8. 8. 8. 8. 8. 8. 8. 8. 8. 8. 8. 8. 8.
 8. 8. 8. 8. 8. 8. 8. 8. 8. 8. 8. 8. 8. 8. 8. 8. 8. 8. 8. 8. 8. 8.]
[10. 10. 10. 10. 10. 10. 10. 10. 10. 10. 10. 10. 10. 10. 10. 10. 10. 10.
 10. 10. 10. 10. 10. 10. 10. 10. 10. 10. 10. 10. 10. 10. 10. 10. 10. 10.
 10. 10. 10. 10. 10. 10. 10. 10. 10. 10.]
[12. 12. 12. 12. 12. 12. 12. 12. 12. 12. 12. 12. 12. 12. 12. 12. 12. 12.
 12. 12. 12. 12. 12. 12. 12. 12. 12. 12. 12. 12. 12. 12. 12. 12. 12. 12.
 12. 12. 12. 12. 12. 12. 12. 12. 12. 12.]
[14. 14. 14. 14. 14. 14. 14. 14. 14. 14. 14. 14. 14. 14. 14. 14. 14. 14.
 14. 14. 14. 14. 14. 14. 14. 14. 14. 14. 14. 14. 14. 14. 14. 14. 14. 14.
 14. 14. 14. 14. 14. 14. 14. 14. 14. 14.]
[16. 16. 16. 16. 16. 16. 16. 16. 16. 16. 16. 16. 16. 16. 16. 16. 16. 16.
 16. 16. 16. 16. 16. 16. 16. 16. 16. 16. 16. 16. 16. 16. 16. 16. 16. 16.
 16. 16. 16. 16. 16. 16. 16. 16. 16. 16.]
[18. 18. 18. 18. 18. 18. 18. 18. 18. 18. 18. 18. 18. 18. 18. 18. 18. 18.
 18. 18. 18. 18. 18. 18. 18. 18. 18. 18. 18. 18. 18. 18. 18. 18. 18. 18.
 18. 18. 18. 18. 18. 18. 18. 18. 18. 18.]
[20. 20. 20. 20. 20. 20. 20. 20. 20. 20. 20. 20. 20. 20. 20. 20. 20. 20.
 20. 20. 20. 20. 20. 20. 20. 20. 20. 20. 20. 20. 20. 20. 20. 20. 20. 20.
 20. 20. 20. 20. 20. 20. 20. 20. 20. 20.]
[22. 22. 22. 22. 22. 22. 22. 22. 22. 22. 22. 22. 22. 22. 22. 22. 22. 22.
 22. 22. 22. 22. 22. 22. 22. 22. 22. 22. 22. 22. 22. 22. 22. 22. 22. 22.
 22. 22. 22. 22. 22. 22. 22. 22. 22. 22.]
[24. 24. 24. 24. 24. 24. 24. 24. 24. 24. 24. 24. 24. 24. 24. 24. 24. 24.
 24. 24. 24. 24. 24. 24. 24. 24. 24. 24. 24. 24. 24. 24. 24. 24. 24. 24.
 24. 24. 24. 24. 24. 24. 24. 24. 24. 24.]
[26. 26. 26. 26. 26. 26. 26. 26. 26. 26. 26. 26. 26. 26. 26. 26. 26. 26.
 26. 26. 26. 26. 26. 26. 26. 26. 26. 26. 26. 26. 26. 26. 26. 26. 26. 26.
 26. 26. 26. 26. 26. 26. 26. 26. 26. 26.]
[28. 28. 28. 28. 28. 28. 28. 28. 28. 28. 28. 28. 28. 28. 28. 28. 28. 28.
 28. 28. 28. 28. 28. 28. 28. 28. 28. 28. 28. 28. 28. 28. 28. 28. 28. 28.
 28. 28. 28. 28. 28. 28. 28. 28. 28. 28.]
[30. 30. 30. 30. 30. 30. 30. 30. 30. 30. 30. 30. 30. 30. 30. 30. 30. 30.
 30. 30. 30. 30. 30. 30. 30. 30. 30. 30. 30. 30. 30. 30. 30. 30. 30. 30.
 30. 30. 30. 30. 30. 30. 30. 30. 30. 30.]
[32. 32. 32. 32. 32. 32. 32. 32. 32. 32. 32. 32. 32. 32. 32. 32. 32. 32.
 32. 32. 32. 32. 32. 32. 32. 32. 32. 32. 32. 32. 32. 32. 32. 32. 32. 32.
 32. 32. 32. 32. 32. 32. 32. 32. 32. 32.]
[34. 34. 34. 34. 34. 34. 34. 34. 34. 34. 34. 34. 34. 34. 34. 34. 34. 34.
 34. 34. 34. 34. 34. 34. 34. 34. 34. 34. 34. 34. 34. 34. 34. 34. 34. 34.
 34. 34. 34. 34. 34. 34. 34. 34. 34. 34.]
[36. 36. 36. 36. 36. 36. 36. 36. 36. 36. 36. 36. 36. 36. 36. 36. 36. 36.
 36. 36. 36. 36. 36. 36. 36. 36. 36. 36. 36. 36. 36. 36. 36. 36. 36. 36.
 36. 36. 36. 36. 36. 36. 36. 36. 36. 36.]
[38. 38. 38. 38. 38. 38. 38. 38. 38. 38. 38. 38. 38. 38. 38. 38. 38. 38.
 38. 38. 38. 38. 38. 38. 38. 38. 38. 38. 38. 38. 38. 38. 38. 38. 38. 38.
 38. 38. 38. 38. 38. 38. 38. 38. 38. 38.]
[40. 40. 40. 40. 40. 40. 40. 40. 40. 40. 40. 40. 40. 40. 40. 40. 40. 40.
 40. 40. 40. 40. 40. 40. 40. 40. 40. 40. 40. 40. 40. 40. 40. 40. 40. 40.
 40. 40. 40. 40. 40. 40. 40. 40. 40. 40.]
[42. 42. 42. 42. 42. 42. 42. 42. 42. 42. 42. 42. 42. 42. 42. 42. 42. 42.
 42. 42. 42. 42. 42. 42. 42. 42. 42. 42. 42. 42. 42. 42. 42. 42. 42. 42.
 42. 42. 42. 42. 42. 42. 42. 42. 42. 42.]
[44. 44. 44. 44. 44. 44. 44. 44. 44. 44. 44. 44. 44. 44. 44. 44. 44. 44.
 44. 44. 44. 44. 44. 44. 44. 44. 44. 44. 44. 44. 44. 44. 44. 44. 44. 44.
 44. 44. 44. 44. 44. 44. 44. 44. 44. 44.]
[46. 46. 46. 46. 46. 46. 46. 46. 46. 46. 46. 46. 46. 46. 46. 46. 46. 46.
 46. 46. 46. 46. 46. 46. 46. 46. 46. 46. 46. 46. 46. 46. 46. 46. 46. 46.
 46. 46. 46. 46. 46. 46. 46. 46. 46. 46.]
[48. 48. 48. 48. 48. 48. 48. 48. 48. 48. 48. 48. 48. 48. 48. 48. 48. 48.
 48. 48. 48. 48. 48. 48. 48. 48. 48. 48. 48. 48. 48. 48. 48. 48. 48. 48.
 48. 48. 48. 48. 48. 48. 48. 48. 48. 48.]
[50. 50. 50. 50. 50. 50. 50. 50. 50. 50. 50. 50. 50. 50. 50. 50. 50. 50.
 50. 50. 50. 50. 50. 50. 50. 50. 50. 50. 50. 50. 50. 50. 50. 50. 50. 50.
 50. 50. 50. 50. 50. 50. 50. 50. 50. 50.]
[52. 52. 52. 52. 52. 52. 52. 52. 52. 52. 52. 52. 52. 52. 52. 52. 52. 52.
 52. 52. 52. 52. 52. 52. 52. 52. 52. 52. 52. 52. 52. 52. 52. 52. 52. 52.
 52. 52. 52. 52. 52. 52. 52. 52. 52. 52.]
[54. 54. 54. 54. 54. 54. 54. 54. 54. 54. 54. 54. 54. 54. 54. 54. 54. 54.
 54. 54. 54. 54. 54. 54. 54. 54. 54. 54. 54. 54. 54. 54. 54. 54. 54. 54.
 54. 54. 54. 54. 54. 54. 54. 54. 54. 54.]
[56. 56. 56. 56. 56. 56. 56. 56. 56. 56. 56. 56. 56. 56. 56. 56. 56. 56.
 56. 56. 56. 56. 56. 56. 56. 56. 56. 56. 56. 56. 56. 56. 56. 56. 56. 56.
 56. 56. 56. 56. 56. 56. 56. 56. 56. 56.]
[58. 58. 58. 58. 58. 58. 58. 58. 58. 58. 58. 58. 58. 58. 58. 58. 58. 58.
 58. 58. 58. 58. 58. 58. 58. 58. 58. 58. 58. 58. 58. 58. 58. 58. 58. 58.
 58. 58. 58. 58. 58. 58. 58. 58. 58. 58.]
[60. 60. 60. 60. 60. 60. 60. 60. 60. 60. 60. 60. 60. 60. 60. 60. 60. 60.
 60. 60. 60. 60. 60. 60. 60. 60. 60. 60. 60. 60. 60. 60. 60. 60. 60. 60.
 60. 60. 60. 60. 60. 60. 60. 60. 60. 60.]
[62. 62. 62. 62. 62. 62. 62. 62. 62. 62. 62. 62. 62. 62. 62. 62. 62. 62.
 62. 62. 62. 62. 62. 62. 62. 62. 62. 62. 62. 62. 62. 62. 62. 62. 62. 62.
 62. 62. 62. 62. 62. 62. 62. 62. 62. 62.]
[64. 64. 64. 64. 64. 64. 64. 64. 64. 64. 64. 64. 64. 64. 64. 64. 64. 64.
 64. 64. 64. 64. 64. 64. 64. 64. 64. 64. 64. 64. 64. 64. 64. 64. 64. 64.
 64. 64. 64. 64. 64. 64. 64. 64. 64. 64.]
[66. 66. 66. 66. 66. 66. 66. 66. 66. 66. 66. 66. 66. 66. 66. 66. 66. 66.
 66. 66. 66. 66. 66. 66. 66. 66. 66. 66. 66. 66. 66. 66. 66. 66. 66. 66.
 66. 66. 66. 66. 66. 66. 66. 66. 66. 66.]
[68. 68. 68. 68. 68. 68. 68. 68. 68. 68. 68. 68. 68. 68. 68. 68. 68. 68.
 68. 68. 68. 68. 68. 68. 68. 68. 68. 68. 68. 68. 68. 68. 68. 68. 68. 68.
 68. 68. 68. 68. 68. 68. 68. 68. 68. 68.]
[70. 70. 70. 70. 70. 70. 70. 70. 70. 70. 70. 70. 70. 70. 70. 70. 70. 70.
 70. 70. 70. 70. 70. 70. 70. 70. 70. 70. 70. 70. 70. 70. 70. 70. 70. 70.
 70. 70. 70. 70. 70. 70. 70. 70. 70. 70.]
[72. 72. 72. 72. 72. 72. 72. 72. 72. 72. 72. 72. 72. 72. 72. 72. 72. 72.
 72. 72. 72. 72. 72. 72. 72. 72. 72. 72. 72. 72. 72. 72. 72. 72. 72. 72.
 72. 72. 72. 72. 72. 72. 72. 72. 72. 72.]
[74. 74. 74. 74. 74. 74. 74. 74. 74. 74. 74. 74. 74. 74. 74. 74. 74. 74.
 74. 74. 74. 74. 74. 74. 74. 74. 74. 74. 74. 74. 74. 74. 74. 74. 74. 74.
 74. 74. 74. 74. 74. 74. 74. 74. 74. 74.]
[76. 76. 76. 76. 76. 76. 76. 76. 76. 76. 76. 76. 76. 76. 76. 76. 76. 76.
 76. 76. 76. 76. 76. 76. 76. 76. 76. 76. 76. 76. 76. 76. 76. 76. 76. 76.
 76. 76. 76. 76. 76. 76. 76. 76. 76. 76.]
[78. 78. 78. 78. 78. 78. 78. 78. 78. 78. 78. 78. 78. 78. 78. 78. 78. 78.
 78. 78. 78. 78. 78. 78. 78. 78. 78. 78. 78. 78. 78. 78. 78. 78. 78. 78.
 78. 78. 78. 78. 78. 78. 78. 78. 78. 78.]
[80. 80. 80. 80. 80. 80. 80. 80. 80. 80. 80. 80. 80. 80. 80. 80. 80. 80.
 80. 80. 80. 80. 80. 80. 80. 80. 80. 80. 80. 80. 80. 80. 80. 80. 80. 80.
 80. 80. 80. 80. 80. 80. 80. 80. 80. 80.]
[82. 82. 82. 82. 82. 82. 82. 82. 82. 82. 82. 82. 82. 82. 82. 82. 82. 82.
 82. 82. 82. 82. 82. 82. 82. 82. 82. 82. 82. 82. 82. 82. 82. 82. 82. 82.
 82. 82. 82. 82. 82. 82. 82. 82. 82. 82.]
[84. 84. 84. 84. 84. 84. 84. 84. 84. 84. 84. 84. 84. 84. 84. 84. 84. 84.
 84. 84. 84. 84. 84. 84. 84. 84. 84. 84. 84. 84. 84. 84. 84. 84. 84. 84.
 84. 84. 84. 84. 84. 84. 84. 84. 84. 84.]
[86. 86. 86. 86. 86. 86. 86. 86. 86. 86. 86. 86. 86. 86. 86. 86. 86. 86.
 86. 86. 86. 86. 86. 86. 86. 86. 86. 86. 86. 86. 86. 86. 86. 86. 86. 86.
 86. 86. 86. 86. 86. 86. 86. 86. 86. 86.]
[88. 88. 88. 88. 88. 88. 88. 88. 88. 88. 88. 88. 88. 88. 88. 88. 88. 88.
 88. 88. 88. 88. 88. 88. 88. 88. 88. 88. 88. 88. 88. 88. 88. 88. 88. 88.
 88. 88. 88. 88. 88. 88. 88. 88. 88. 88.]
[90. 90. 90. 90. 90. 90. 90. 90. 90. 90. 90. 90. 90. 90. 90. 90. 90. 90.
 90. 90. 90. 90. 90. 90. 90. 90. 90. 90. 90. 90. 90. 90. 90. 90. 90. 90.
 90. 90. 90. 90. 90. 90. 90. 90. 90. 90.]

RCS Phi (dBsm):
[-30. -30. -30. -30. -30. -30. -30. -30. -30. -30. -30. -30. -30. -30.
 -30. -30. -30. -30. -30. -30. -30. -30. -30. -30. -30. -30. -30. -30.
 -30. -30. -30. -30. -30. -30. -30. -30. -30. -30. -30. -30. -30. -30.
 -30. -30. -30. -30.]
[-30. -30. -30. -30. -30. -30. -30. -30. -30. -30. -30. -30. -30. -30.
 -30. -30. -30. -30. -30. -30. -30. -30. -30. -30. -30. -30. -30. -30.
 -30. -30. -30. -30. -30. -30. -30. -30. -30. -30. -30. -30. -30. -30.
 -30. -30. -30. -30.]
[-30. -30. -30. -30. -30. -30. -30. -30. -30. -30. -30. -30. -30. -30.
 -30. -30. -30. -30. -30. -30. -30. -30. -30. -30. -30. -30. -30. -30.
 -30. -30. -30. -30. -30. -30. -30. -30. -30. -30. -30. -30. -30. -30.
 -30. -30. -30. -30.]
[-30. -30. -30. -30. -30. -30. -30. -30. -30. -30. -30. -30. -30. -30.
 -30. -30. -30. -30. -30. -30. -30. -30. -30. -30. -30. -30. -30. -30.
 -30. -30. -30. -30. -30. -30. -30. -30. -30. -30. -30. -30. -30. -30.
 -30. -30. -30. -30.]
[-30. -30. -30. -30. -30. -30. -30. -30. -30. -30. -30. -30. -30. -30.
 -30. -30. -30. -30. -30. -30. -30. -30. -30. -30. -30. -30. -30. -30.
 -30. -30. -30. -30. -30. -30. -30. -30. -30. -30. -30. -30. -30. -30.
 -30. -30. -30. -30.]
[-30. -30. -30. -30. -30. -30. -30. -30. -30. -30. -30. -30. -30. -30.
 -30. -30. -30. -30. -30. -30. -30. -30. -30. -30. -30. -30. -30. -30.
 -30. -30. -30. -30. -30. -30. -30. -30. -30. -30. -30. -30. -30. -30.
 -30. -30. -30. -30.]
[-30. -30. -30. -30. -30. -30. -30. -30. -30. -30. -30. -30. -30. -30.
 -30. -30. -30. -30. -30. -30. -30. -30. -30. -30. -30. -30. -30. -30.
 -30. -30. -30. -30. -30. -30. -30. -30. -30. -30. -30. -30. -30. -30.
 -30. -30. -30. -30.]
[-30. -30. -30. -30. -30. -30. -30. -30. -30. -30. -30. -30. -30. -30.
 -30. -30. -30. -30. -30. -30. -30. -30. -30. -30. -30. -30. -30. -30.
 -30. -30. -30. -30. -30. -30. -30. -30. -30. -30. -30. -30. -30. -30.
 -30. -30. -30. -30.]
[-30. -30. -30. -30. -30. -30. -30. -30. -30. -30. -30. -30. -30. -30.
 -30. -30. -30. -30. -30. -30. -30. -30. -30. -30. -30. -30. -30. -30.
 -30. -30. -30. -30. -30. -30. -30. -30. -30. -30. -30. -30. -30. -30.
 -30. -30. -30. -30.]
[-30. -30. -30. -30. -30. -30. -30. -30. -30. -30. -30. -30. -30. -30.
 -30. -30. -30. -30. -30. -30. -30. -30. -30. -30. -30. -30. -30. -30.
 -30. -30. -30. -30. -30. -30. -30. -30. -30. -30. -30. -30. -30. -30.
 -30. -30. -30. -30.]
[-30. -30. -30. -30. -30. -30. -30. -30. -30. -30. -30. -30. -30. -30.
 -30. -30. -30. -30. -30. -30. -30. -30. -30. -30. -30. -30. -30. -30.
 -30. -30. -30. -30. -30. -30. -30. -30. -30. -30. -30. -30. -30. -30.
 -30. -30. -30. -30.]
[-30. -30. -30. -30. -30. -30. -30. -30. -30. -30. -30. -30. -30. -30.
 -30. -30. -30. -30. -30. -30. -30. -30. -30. -30. -30. -30. -30. -30.
 -30. -30. -30. -30. -30. -30. -30. -30. -30. -30. -30. -30. -30. -30.
 -30. -30. -30. -30.]
[-30. -30. -30. -30. -30. -30. -30. -30. -30. -30. -30. -30. -30. -30.
 -30. -30. -30. -30. -30. -30. -30. -30. -30. -30. -30. -30. -30. -30.
 -30. -30. -30. -30. -30. -30. -30. -30. -30. -30. -30. -30. -30. -30.
 -30. -30. -30. -30.]
[-30. -30. -30. -30. -30. -30. -30. -30. -30. -30. -30. -30. -30. -30.
 -30. -30. -30. -30. -30. -30. -30. -30. -30. -30. -30. -30. -30. -30.
 -30. -30. -30. -30. -30. -30. -30. -30. -30. -30. -30. -30. -30. -30.
 -30. -30. -30. -30.]
[-30. -30. -30. -30. -30. -30. -30. -30. -30. -30. -30. -30. -30. -30.
 -30. -30. -30. -30. -30. -30. -30. -30. -30. -30. -30. -30. -30. -30.
 -30. -30. -30. -30. -30. -30. -30. -30. -30. -30. -30. -30. -30. -30.
 -30. -30. -30. -30.]
[-30. -30. -30. -30. -30. -30. -30. -30. -30. -30. -30. -30. -30. -30.
 -30. -30. -30. -30. -30. -30. -30. -30. -30. -30. -30. -30. -30. -30.
 -30. -30. -30. -30. -30. -30. -30. -30. -30. -30. -30. -30. -30. -30.
 -30. -30. -30. -30.]
[-30. -30. -30. -30. -30. -30. -30. -30. -30. -30. -30. -30. -30. -30.
 -30. -30. -30. -30. -30. -30. -30. -30. -30. -30. -30. -30. -30. -30.
 -30. -30. -30. -30. -30. -30. -30. -30. -30. -30. -30. -30. -30. -30.
 -30. -30. -30. -30.]
[-30. -30. -30. -30. -30. -30. -30. -30. -30. -30. -30. -30. -30. -30.
 -30. -30. -30. -30. -30. -30. -30. -30. -30. -30. -30. -30. -30. -30.
 -30. -30. -30. -30. -30. -30. -30. -30. -30. -30. -30. -30. -30. -30.
 -30. -30. -30. -30.]
[-30. -30. -30. -30. -30. -30. -30. -30. -30. -30. -30. -30. -30. -30.
 -30. -30. -30. -30. -30. -30. -30. -30. -30. -30. -30. -30. -30. -30.
 -30. -30. -30. -30. -30. -30. -30. -30. -30. -30. -30. -30. -30. -30.
 -30. -30. -30. -30.]
[-30. -30. -30. -30. -30. -30. -30. -30. -30. -30. -30. -30. -30. -30.
 -30. -30. -30. -30. -30. -30. -30. -30. -30. -30. -30. -30. -30. -30.
 -30. -30. -30. -30. -30. -30. -30. -30. -30. -30. -30. -30. -30. -30.
 -30. -30. -30. -30.]
[-30. -30. -30. -30. -30. -30. -30. -30. -30. -30. -30. -30. -30. -30.
 -30. -30. -30. -30. -30. -30. -30. -30. -30. -30. -30. -30. -30. -30.
 -30. -30. -30. -30. -30. -30. -30. -30. -30. -30. -30. -30. -30. -30.
 -30. -30. -30. -30.]
[-30. -30. -30. -30. -30. -30. -30. -30. -30. -30. -30. -30. -30. -30.
 -30. -30. -30. -30. -30. -30. -30. -30. -30. -30. -30. -30. -30. -30.
 -30. -30. -30. -30. -30. -30. -30. -30. -30. -30. -30. -30. -30. -30.
 -30. -30. -30. -30.]
[-30. -30. -30. -30. -30. -30. -30. -30. -30. -30. -30. -30. -30. -30.
 -30. -30. -30. -30. -30. -30. -30. -30. -30. -30. -30. -30. -30. -30.
 -30. -30. -30. -30. -30. -30. -30. -30. -30. -30. -30. -30. -30. -30.
 -30. -30. -30. -30.]
[-30. -30. -30. -30. -30. -30. -30. -30. -30. -30. -30. -30. -30. -30.
 -30. -30. -30. -30. -30. -30. -30. -30. -30. -30. -30. -30. -30. -30.
 -30. -30. -30. -30. -30. -30. -30. -30. -30. -30. -30. -30. -30. -30.
 -30. -30. -30. -30.]
[-30. -30. -30. -30. -30. -30. -30. -30. -30. -30. -30. -30. -30. -30.
 -30. -30. -30. -30. -30. -30. -30. -30. -30. -30. -30. -30. -30. -30.
 -30. -30. -30. -30. -30. -30. -30. -30. -30. -30. -30. -30. -30. -30.
 -30. -30. -30. -30.]
[-30. -30. -30. -30. -30. -30. -30. -30. -30. -30. -30. -30. -30. -30.
 -30. -30. -30. -30. -30. -30. -30. -30. -30. -30. -30. -30. -30. -30.
 -30. -30. -30. -30. -30. -30. -30. -30. -30. -30. -30. -30. -30. -30.
 -30. -30. -30. -30.]
[-30. -30. -30. -30. -30. -30. -30. -30. -30. -30. -30. -30. -30. -30.
 -30. -30. -30. -30. -30. -30. -30. -30. -30. -30. -30. -30. -30. -30.
 -30. -30. -30. -30. -30. -30. -30. -30. -30. -30. -30. -30. -30. -30.
 -30. -30. -30. -30.]
[-30. -30. -30. -30. -30. -30. -30. -30. -30. -30. -30. -30. -30. -30.
 -30. -30. -30. -30. -30. -30. -30. -30. -30. -30. -30. -30. -30. -30.
 -30. -30. -30. -30. -30. -30. -30. -30. -30. -30. -30. -30. -30. -30.
 -30. -30. -30. -30.]
[-30. -30. -30. -30. -30. -30. -30. -30. -30. -30. -30. -30. -30. -30.
 -30. -30. -30. -30. -30. -30. -30. -30. -30. -30. -30. -30. -30. -30.
 -30. -30. -30. -30. -30. -30. -30. -30. -30. -30. -30. -30. -30. -30.
 -30. -30. -30. -30.]
[-30. -30. -30. -30. -30. -30. -30. -30. -30. -30. -30. -30. -30. -30.
 -30. -30. -30. -30. -30. -30. -30. -30. -30. -30. -30. -30. -30. -30.
 -30. -30. -30. -30. -30. -30. -30. -30. -30. -30. -30. -30. -30. -30.
 -30. -30. -30. -30.]
[-30. -30. -30. -30. -30. -30. -30. -30. -30. -30. -30. -30. -30. -30.
 -30. -30. -30. -30. -30. -30. -30. -30. -30. -30. -30. -30. -30. -30.
 -30. -30. -30. -30. -30. -30. -30. -30. -30. -30. -30. -30. -30. -30.
 -30. -30. -30. -30.]
[-30. -30. -30. -30. -30. -30. -30. -30. -30. -30. -30. -30. -30. -30.
 -30. -30. -30. -30. -30. -30. -30. -30. -30. -30. -30. -30. -30. -30.
 -30. -30. -30. -30. -30. -30. -30. -30. -30. -30. -30. -30. -30. -30.
 -30. -30. -30. -30.]
[-30. -30. -30. -30. -30. -30. -30. -30. -30. -30. -30. -30. -30. -30.
 -30. -30. -30. -30. -30. -30. -30. -30. -30. -30. -30. -30. -30. -30.
 -30. -30. -30. -30. -30. -30. -30. -30. -30. -30. -30. -30. -30. -30.
 -30. -30. -30. -30.]
[-30. -30. -30. -30. -30. -30. -30. -30. -30. -30. -30. -30. -30. -30.
 -30. -30. -30. -30. -30. -30. -30. -30. -30. -30. -30. -30. -30. -30.
 -30. -30. -30. -30. -30. -30. -30. -30. -30. -30. -30. -30. -30. -30.
 -30. -30. -30. -30.]
[-30. -30. -30. -30. -30. -30. -30. -30. -30. -30. -30. -30. -30. -30.
 -30. -30. -30. -30. -30. -30. -30. -30. -30. -30. -30. -30. -30. -30.
 -30. -30. -30. -30. -30. -30. -30. -30. -30. -30. -30. -30. -30. -30.
 -30. -30. -30. -30.]
[-30. -30. -30. -30. -30. -30. -30. -30. -30. -30. -30. -30. -30. -30.
 -30. -30. -30. -30. -30. -30. -30. -30. -30. -30. -30. -30. -30. -30.
 -30. -30. -30. -30. -30. -30. -30. -30. -30. -30. -30. -30. -30. -30.
 -30. -30. -30. -30.]
[-30. -30. -30. -30. -30. -30. -30. -30. -30. -30. -30. -30. -30. -30.
 -30. -30. -30. -30. -30. -30. -30. -30. -30. -30. -30. -30. -30. -30.
 -30. -30. -30. -30. -30. -30. -30. -30. -30. -30. -30. -30. -30. -30.
 -30. -30. -30. -30.]
[-30. -30. -30. -30. -30. -30. -30. -30. -30. -30. -30. -30. -30. -30.
 -30. -30. -30. -30. -30. -30. -30. -30. -30. -30. -30. -30. -30. -30.
 -30. -30. -30. -30. -30. -30. -30. -30. -30. -30. -30. -30. -30. -30.
 -30. -30. -30. -30.]
[-30. -30. -30. -30. -30. -30. -30. -30. -30. -30. -30. -30. -30. -30.
 -30. -30. -30. -30. -30. -30. -30. -30. -30. -30. -30. -30. -30. -30.
 -30. -30. -30. -30. -30. -30. -30. -30. -30. -30. -30. -30. -30. -30.
 -30. -30. -30. -30.]
[-30. -30. -30. -30. -30. -30. -30. -30. -30. -30. -30. -30. -30. -30.
 -30. -30. -30. -30. -30. -30. -30. -30. -30. -30. -30. -30. -30. -30.
 -30. -30. -30. -30. -30. -30. -30. -30. -30. -30. -30. -30. -30. -30.
 -30. -30. -30. -30.]
[-30. -30. -30. -30. -30. -30. -30. -30. -30. -30. -30. -30. -30. -30.
 -30. -30. -30. -30. -30. -30. -30. -30. -30. -30. -30. -30. -30. -30.
 -30. -30. -30. -30. -30. -30. -30. -30. -30. -30. -30. -30. -30. -30.
 -30. -30. -30. -30.]
[-30. -30. -30. -30. -30. -30. -30. -30. -30. -30. -30. -30. -30. -30.
 -30. -30. -30. -30. -30. -30. -30. -30. -30. -30. -30. -30. -30. -30.
 -30. -30. -30. -30. -30. -30. -30. -30. -30. -30. -30. -30. -30. -30.
 -30. -30. -30. -30.]
[-30. -30. -30. -30. -30. -30. -30. -30. -30. -30. -30. -30. -30. -30.
 -30. -30. -30. -30. -30. -30. -30. -30. -30. -30. -30. -30. -30. -30.
 -30. -30. -30. -30. -30. -30. -30. -30. -30. -30. -30. -30. -30. -30.
 -30. -30. -30. -30.]
[-30. -30. -30. -30. -30. -30. -30. -30. -30. -30. -30. -30. -30. -30.
 -30. -30. -30. -30. -30. -30. -30. -30. -30. -30. -30. -30. -30. -30.
 -30. -30. -30. -30. -30. -30. -30. -30. -30. -30. -30. -30. -30. -30.
 -30. -30. -30. -30.]
[-30. -30. -30. -30. -30. -30. -30. -30. -30. -30. -30. -30. -30. -30.
 -30. -30. -30. -30. -30. -30. -30. -30. -30. -30. -30. -30. -30. -30.
 -30. -30. -30. -30. -30. -30. -30. -30. -30. -30. -30. -30. -30. -30.
 -30. -30. -30. -30.]
[-30. -30. -30. -30. -30. -30. -30. -30. -30. -30. -30. -30. -30. -30.
 -30. -30. -30. -30. -30. -30. -30. -30. -30. -30. -30. -30. -30. -30.
 -30. -30. -30. -30. -30. -30. -30. -30. -30. -30. -30. -30. -30. -30.
 -30. -30. -30. -30.]
