RCS SIMULATOR MONOSTITC 20230711231513

Simulation Parameters:
Radar Frequency (GHz): 0.015
Wavelength (m): 20.0
Correlation distance (m): 0
Standard Deviation (m): 0
Incident wave polarization: TM-z
Number of model faces: 760
Start phi angle (degrees): 0
Stop phi angle (degrees): 0
Phi increment step (degrees): 0
Start theta angle (degrees): 0
Stop theta angle (degrees): 360
Phi increment step (degrees): 2

Simulation Results IR Signature:
Theta (deg):
[  0.   2.   4.   6.   8.  10.  12.  14.  16.  18.  20.  22.  24.  26.
  28.  30.  32.  34.  36.  38.  40.  42.  44.  46.  48.  50.  52.  54.
  56.  58.  60.  62.  64.  66.  68.  70.  72.  74.  76.  78.  80.  82.
  84.  86.  88.  90.  92.  94.  96.  98. 100. 102. 104. 106. 108. 110.
 112. 114. 116. 118. 120. 122. 124. 126. 128. 130. 132. 134. 136. 138.
 140. 142. 144. 146. 148. 150. 152. 154. 156. 158. 160. 162. 164. 166.
 168. 170. 172. 174. 176. 178. 180. 182. 184. 186. 188. 190. 192. 194.
 196. 198. 200. 202. 204. 206. 208. 210. 212. 214. 216. 218. 220. 222.
 224. 226. 228. 230. 232. 234. 236. 238. 240. 242. 244. 246. 248. 250.
 252. 254. 256. 258. 260. 262. 264. 266. 268. 270. 272. 274. 276. 278.
 280. 282. 284. 286. 288. 290. 292. 294. 296. 298. 300. 302. 304. 306.
 308. 310. 312. 314. 316. 318. 320. 322. 324. 326. 328. 330. 332. 334.
 336. 338. 340. 342. 344. 346. 348. 350. 352. 354. 356. 358. 360.]

RCS Theta (dBsm):
[-1.81502185e+00  2.97756166e+01  2.46171759e+01  2.77221377e+01
  2.99465834e+01  2.97390865e+01  2.23493758e+01  2.16224970e+01
  2.80543804e+01  2.71045133e+01  2.30439401e+01  2.63005321e+01
  2.36793973e+01  2.37475174e+01  2.31920165e+01  2.04222584e+01
  1.64666307e+01  1.75408966e+01  9.92811034e+00  2.89895415e+00
  2.06847604e+01  1.79899659e+01  1.78890406e+01  1.48377040e+01
  8.67671687e+00  7.21352609e+00  1.82357625e+01  1.72674717e+01
  1.64341443e+01  8.37457107e+00 -3.64783197e+00  4.74817673e+00
  2.94649120e+00 -2.66592794e+00 -3.66406039e+00 -3.88482924e+00
  4.37413999e+00 -8.33496533e-03  4.79773152e+00 -2.42409375e+00
 -9.23363033e+00  1.22597345e+01  7.75870306e+00  2.71272511e+00
  5.94792300e+00 -9.75120706e-01  1.46609146e+00  6.44553170e+00
  4.22891041e+00  2.89529127e+00  3.07714970e+00  1.48380525e+00
  1.14239911e+00  3.59159537e+00  4.24001479e+00  3.98829369e+00
  2.27187186e+00  2.58224722e+00  5.51734483e+00  3.20422302e+00
  2.81875457e+00  1.01233326e+01  6.83023997e+00  7.07579244e+00
  1.72236355e+01  1.87639196e+01  1.79284269e+01  1.61975939e+01
  1.15499581e+01  1.26322079e+01  1.97375071e+01  7.51225550e+00
  1.52485134e+01  2.23199030e+01  2.01337217e+01  2.19674333e+01
  2.22791750e+01  2.20547553e+01  2.38164693e+01  2.69672900e+01
  2.33889925e+01  2.72124782e+01  2.89960873e+01  2.23342683e+01
  2.08279511e+01  2.88351652e+01  2.73830923e+01  2.63086827e+01
  2.06464763e+01  2.56360558e+01 -1.81502185e+00  2.56360558e+01
  2.06464763e+01  2.63086827e+01  2.73830923e+01  2.88351652e+01
  2.08279511e+01  2.23342683e+01  2.89960873e+01  2.72124782e+01
  2.33889925e+01  2.69672900e+01  2.38164693e+01  2.20547553e+01
  2.22791750e+01  2.19674333e+01  2.01337217e+01  2.23199030e+01
  1.52485134e+01  7.51225550e+00  1.97375071e+01  1.26322079e+01
  1.15499581e+01  1.61975939e+01  1.79284269e+01  1.87639196e+01
  1.72236355e+01  7.07579244e+00  6.83023997e+00  1.01233326e+01
  2.81875457e+00  3.20422302e+00  5.51734483e+00  2.58224722e+00
  2.27187186e+00  3.98829369e+00  4.24001479e+00  3.59159537e+00
  1.14239911e+00  1.48380525e+00  3.07714970e+00  2.89529127e+00
  4.22891041e+00  6.44553170e+00  1.46609146e+00 -9.75120706e-01
  5.94792300e+00  2.71272511e+00  7.75870306e+00  1.22597345e+01
 -9.23363033e+00 -2.42409375e+00  4.79773152e+00 -8.33496533e-03
  4.37413999e+00 -3.88482924e+00 -3.66406039e+00 -2.66592794e+00
  2.94649120e+00  4.74817673e+00 -3.64783197e+00  8.37457107e+00
  1.64341443e+01  1.72674717e+01  1.82357625e+01  7.21352609e+00
  8.67671687e+00  1.48377040e+01  1.78890406e+01  1.79899659e+01
  2.06847604e+01  2.89895415e+00  9.92811034e+00  1.75408966e+01
  1.64666307e+01  2.04222584e+01  2.31920165e+01  2.37475174e+01
  2.36793973e+01  2.63005321e+01  2.30439401e+01  2.71045133e+01
  2.80543804e+01  2.16224970e+01  2.23493758e+01  2.97390865e+01
  2.99465834e+01  2.77221377e+01  2.46171759e+01  2.97756166e+01
 -1.81502185e+00]

Phi (deg):
[0. 0. 0. 0. 0. 0. 0. 0. 0. 0. 0. 0. 0. 0. 0. 0. 0. 0. 0. 0. 0. 0. 0. 0.
 0. 0. 0. 0. 0. 0. 0. 0. 0. 0. 0. 0. 0. 0. 0. 0. 0. 0. 0. 0. 0. 0. 0. 0.
 0. 0. 0. 0. 0. 0. 0. 0. 0. 0. 0. 0. 0. 0. 0. 0. 0. 0. 0. 0. 0. 0. 0. 0.
 0. 0. 0. 0. 0. 0. 0. 0. 0. 0. 0. 0. 0. 0. 0. 0. 0. 0. 0. 0. 0. 0. 0. 0.
 0. 0. 0. 0. 0. 0. 0. 0. 0. 0. 0. 0. 0. 0. 0. 0. 0. 0. 0. 0. 0. 0. 0. 0.
 0. 0. 0. 0. 0. 0. 0. 0. 0. 0. 0. 0. 0. 0. 0. 0. 0. 0. 0. 0. 0. 0. 0. 0.
 0. 0. 0. 0. 0. 0. 0. 0. 0. 0. 0. 0. 0. 0. 0. 0. 0. 0. 0. 0. 0. 0. 0. 0.
 0. 0. 0. 0. 0. 0. 0. 0. 0. 0. 0. 0. 0.]

RCS Phi (dBsm):
[-30.          -4.02341692  -3.61032958 -12.37162705 -30.
 -20.41600142  -5.85150575  -0.05266643   1.07346783   1.99586854
  10.51680961  -4.00916519   0.38369681   2.94684598  -1.58743177
 -17.19322216  -6.88696459   6.67712739  -0.10852421   6.03880677
   9.5687966    4.74062875   4.82795839   4.89221944  -9.61537241
   0.87673296   2.35206821   0.29624905   7.36287432  -3.70235237
  -9.75169495 -10.68213091 -11.35385613  -7.92940335  -8.19796526
  -6.0749335  -18.18954624 -15.68823919 -24.58809921  -0.97621941
   2.45538015 -15.80414146 -12.04346174 -11.13242219 -29.77722583
 -14.39043146 -14.9582127    0.46958254  -1.59230616   0.45550511
   0.77768684  -2.70912034  -8.11819204 -16.32788281 -27.26708827
 -10.88795551 -22.96147942 -10.1137753   -5.20997206  -3.22508933
  -7.38670194   4.51965787   2.87791604  -3.49818832   1.81454487
  -3.1409768  -30.           6.17326459   6.02339853   3.62989334
   9.80213202   6.8777958    0.53008791   7.31705498  -8.96920684
 -12.57446259   0.51122608   5.92140988   3.29904606 -19.74933972
  10.72533041   0.92630945   1.97631737  -0.84190056  -5.23487267
 -20.38223118 -26.9823675  -13.80542902  -4.30777004  -3.13829253
 -30.          -3.13829253  -4.30777004 -13.80542902 -26.9823675
 -20.38223118  -5.23487267  -0.84190056   1.97631737   0.92630945
  10.72533041 -19.74933972   3.29904606   5.92140988   0.51122608
 -12.57446259  -8.96920684   7.31705498   0.53008791   6.8777958
   9.80213202   3.62989334   6.02339853   6.17326459 -30.
  -3.1409768    1.81454487  -3.49818832   2.87791604   4.51965787
  -7.38670194  -3.22508933  -5.20997206 -10.1137753  -22.96147942
 -10.88795551 -27.26708827 -16.32788281  -8.11819204  -2.70912034
   0.77768684   0.45550511  -1.59230616   0.46958254 -14.9582127
 -14.39043146 -29.77722583 -11.13242219 -12.04346174 -15.80414146
   2.45538015  -0.97621941 -24.58809921 -15.68823919 -18.18954624
  -6.0749335   -8.19796526  -7.92940335 -11.35385613 -10.68213091
  -9.75169495  -3.70235237   7.36287432   0.29624905   2.35206821
   0.87673296  -9.61537241   4.89221944   4.82795839   4.74062875
   9.5687966    6.03880677  -0.10852421   6.67712739  -6.88696459
 -17.19322216  -1.58743177   2.94684598   0.38369681  -4.00916519
  10.51680961   1.99586854   1.07346783  -0.05266643  -5.85150575
 -20.41600142 -30.         -12.37162705  -3.61032958  -4.02341692
 -30.        ]
