RCS SIMULATOR MONOSTITC 20230511092823

Simulation Parameters:
Radar Frequency (GHz): 0.015
Wavelength (m): 20.0
Correlation distance (m): 0
Standard Deviation (m): 0
Incident wave polarization: TM-z
Number of model faces: 12
Start phi angle (degrees): 0
Stop phi angle (degrees): 90
Phi increment step (degrees): 2
Start theta angle (degrees): 0
Stop theta angle (degrees): 90
Phi increment step (degrees): 2

Simulation Results IR Signature:
Theta (deg):
[ 0.  2.  4.  6.  8. 10. 12. 14. 16. 18. 20. 22. 24. 26. 28. 30. 32. 34.
 36. 38. 40. 42. 44. 46. 48. 50. 52. 54. 56. 58. 60. 62. 64. 66. 68. 70.
 72. 74. 76. 78. 80. 82. 84. 86. 88. 90.]
[ 0.  2.  4.  6.  8. 10. 12. 14. 16. 18. 20. 22. 24. 26. 28. 30. 32. 34.
 36. 38. 40. 42. 44. 46. 48. 50. 52. 54. 56. 58. 60. 62. 64. 66. 68. 70.
 72. 74. 76. 78. 80. 82. 84. 86. 88. 90.]
[ 0.  2.  4.  6.  8. 10. 12. 14. 16. 18. 20. 22. 24. 26. 28. 30. 32. 34.
 36. 38. 40. 42. 44. 46. 48. 50. 52. 54. 56. 58. 60. 62. 64. 66. 68. 70.
 72. 74. 76. 78. 80. 82. 84. 86. 88. 90.]
[ 0.  2.  4.  6.  8. 10. 12. 14. 16. 18. 20. 22. 24. 26. 28. 30. 32. 34.
 36. 38. 40. 42. 44. 46. 48. 50. 52. 54. 56. 58. 60. 62. 64. 66. 68. 70.
 72. 74. 76. 78. 80. 82. 84. 86. 88. 90.]
[ 0.  2.  4.  6.  8. 10. 12. 14. 16. 18. 20. 22. 24. 26. 28. 30. 32. 34.
 36. 38. 40. 42. 44. 46. 48. 50. 52. 54. 56. 58. 60. 62. 64. 66. 68. 70.
 72. 74. 76. 78. 80. 82. 84. 86. 88. 90.]
[ 0.  2.  4.  6.  8. 10. 12. 14. 16. 18. 20. 22. 24. 26. 28. 30. 32. 34.
 36. 38. 40. 42. 44. 46. 48. 50. 52. 54. 56. 58. 60. 62. 64. 66. 68. 70.
 72. 74. 76. 78. 80. 82. 84. 86. 88. 90.]
[ 0.  2.  4.  6.  8. 10. 12. 14. 16. 18. 20. 22. 24. 26. 28. 30. 32. 34.
 36. 38. 40. 42. 44. 46. 48. 50. 52. 54. 56. 58. 60. 62. 64. 66. 68. 70.
 72. 74. 76. 78. 80. 82. 84. 86. 88. 90.]
[ 0.  2.  4.  6.  8. 10. 12. 14. 16. 18. 20. 22. 24. 26. 28. 30. 32. 34.
 36. 38. 40. 42. 44. 46. 48. 50. 52. 54. 56. 58. 60. 62. 64. 66. 68. 70.
 72. 74. 76. 78. 80. 82. 84. 86. 88. 90.]
[ 0.  2.  4.  6.  8. 10. 12. 14. 16. 18. 20. 22. 24. 26. 28. 30. 32. 34.
 36. 38. 40. 42. 44. 46. 48. 50. 52. 54. 56. 58. 60. 62. 64. 66. 68. 70.
 72. 74. 76. 78. 80. 82. 84. 86. 88. 90.]
[ 0.  2.  4.  6.  8. 10. 12. 14. 16. 18. 20. 22. 24. 26. 28. 30. 32. 34.
 36. 38. 40. 42. 44. 46. 48. 50. 52. 54. 56. 58. 60. 62. 64. 66. 68. 70.
 72. 74. 76. 78. 80. 82. 84. 86. 88. 90.]
[ 0.  2.  4.  6.  8. 10. 12. 14. 16. 18. 20. 22. 24. 26. 28. 30. 32. 34.
 36. 38. 40. 42. 44. 46. 48. 50. 52. 54. 56. 58. 60. 62. 64. 66. 68. 70.
 72. 74. 76. 78. 80. 82. 84. 86. 88. 90.]
[ 0.  2.  4.  6.  8. 10. 12. 14. 16. 18. 20. 22. 24. 26. 28. 30. 32. 34.
 36. 38. 40. 42. 44. 46. 48. 50. 52. 54. 56. 58. 60. 62. 64. 66. 68. 70.
 72. 74. 76. 78. 80. 82. 84. 86. 88. 90.]
[ 0.  2.  4.  6.  8. 10. 12. 14. 16. 18. 20. 22. 24. 26. 28. 30. 32. 34.
 36. 38. 40. 42. 44. 46. 48. 50. 52. 54. 56. 58. 60. 62. 64. 66. 68. 70.
 72. 74. 76. 78. 80. 82. 84. 86. 88. 90.]
[ 0.  2.  4.  6.  8. 10. 12. 14. 16. 18. 20. 22. 24. 26. 28. 30. 32. 34.
 36. 38. 40. 42. 44. 46. 48. 50. 52. 54. 56. 58. 60. 62. 64. 66. 68. 70.
 72. 74. 76. 78. 80. 82. 84. 86. 88. 90.]
[ 0.  2.  4.  6.  8. 10. 12. 14. 16. 18. 20. 22. 24. 26. 28. 30. 32. 34.
 36. 38. 40. 42. 44. 46. 48. 50. 52. 54. 56. 58. 60. 62. 64. 66. 68. 70.
 72. 74. 76. 78. 80. 82. 84. 86. 88. 90.]
[ 0.  2.  4.  6.  8. 10. 12. 14. 16. 18. 20. 22. 24. 26. 28. 30. 32. 34.
 36. 38. 40. 42. 44. 46. 48. 50. 52. 54. 56. 58. 60. 62. 64. 66. 68. 70.
 72. 74. 76. 78. 80. 82. 84. 86. 88. 90.]
[ 0.  2.  4.  6.  8. 10. 12. 14. 16. 18. 20. 22. 24. 26. 28. 30. 32. 34.
 36. 38. 40. 42. 44. 46. 48. 50. 52. 54. 56. 58. 60. 62. 64. 66. 68. 70.
 72. 74. 76. 78. 80. 82. 84. 86. 88. 90.]
[ 0.  2.  4.  6.  8. 10. 12. 14. 16. 18. 20. 22. 24. 26. 28. 30. 32. 34.
 36. 38. 40. 42. 44. 46. 48. 50. 52. 54. 56. 58. 60. 62. 64. 66. 68. 70.
 72. 74. 76. 78. 80. 82. 84. 86. 88. 90.]
[ 0.  2.  4.  6.  8. 10. 12. 14. 16. 18. 20. 22. 24. 26. 28. 30. 32. 34.
 36. 38. 40. 42. 44. 46. 48. 50. 52. 54. 56. 58. 60. 62. 64. 66. 68. 70.
 72. 74. 76. 78. 80. 82. 84. 86. 88. 90.]
[ 0.  2.  4.  6.  8. 10. 12. 14. 16. 18. 20. 22. 24. 26. 28. 30. 32. 34.
 36. 38. 40. 42. 44. 46. 48. 50. 52. 54. 56. 58. 60. 62. 64. 66. 68. 70.
 72. 74. 76. 78. 80. 82. 84. 86. 88. 90.]
[ 0.  2.  4.  6.  8. 10. 12. 14. 16. 18. 20. 22. 24. 26. 28. 30. 32. 34.
 36. 38. 40. 42. 44. 46. 48. 50. 52. 54. 56. 58. 60. 62. 64. 66. 68. 70.
 72. 74. 76. 78. 80. 82. 84. 86. 88. 90.]
[ 0.  2.  4.  6.  8. 10. 12. 14. 16. 18. 20. 22. 24. 26. 28. 30. 32. 34.
 36. 38. 40. 42. 44. 46. 48. 50. 52. 54. 56. 58. 60. 62. 64. 66. 68. 70.
 72. 74. 76. 78. 80. 82. 84. 86. 88. 90.]
[ 0.  2.  4.  6.  8. 10. 12. 14. 16. 18. 20. 22. 24. 26. 28. 30. 32. 34.
 36. 38. 40. 42. 44. 46. 48. 50. 52. 54. 56. 58. 60. 62. 64. 66. 68. 70.
 72. 74. 76. 78. 80. 82. 84. 86. 88. 90.]
[ 0.  2.  4.  6.  8. 10. 12. 14. 16. 18. 20. 22. 24. 26. 28. 30. 32. 34.
 36. 38. 40. 42. 44. 46. 48. 50. 52. 54. 56. 58. 60. 62. 64. 66. 68. 70.
 72. 74. 76. 78. 80. 82. 84. 86. 88. 90.]
[ 0.  2.  4.  6.  8. 10. 12. 14. 16. 18. 20. 22. 24. 26. 28. 30. 32. 34.
 36. 38. 40. 42. 44. 46. 48. 50. 52. 54. 56. 58. 60. 62. 64. 66. 68. 70.
 72. 74. 76. 78. 80. 82. 84. 86. 88. 90.]
[ 0.  2.  4.  6.  8. 10. 12. 14. 16. 18. 20. 22. 24. 26. 28. 30. 32. 34.
 36. 38. 40. 42. 44. 46. 48. 50. 52. 54. 56. 58. 60. 62. 64. 66. 68. 70.
 72. 74. 76. 78. 80. 82. 84. 86. 88. 90.]
[ 0.  2.  4.  6.  8. 10. 12. 14. 16. 18. 20. 22. 24. 26. 28. 30. 32. 34.
 36. 38. 40. 42. 44. 46. 48. 50. 52. 54. 56. 58. 60. 62. 64. 66. 68. 70.
 72. 74. 76. 78. 80. 82. 84. 86. 88. 90.]
[ 0.  2.  4.  6.  8. 10. 12. 14. 16. 18. 20. 22. 24. 26. 28. 30. 32. 34.
 36. 38. 40. 42. 44. 46. 48. 50. 52. 54. 56. 58. 60. 62. 64. 66. 68. 70.
 72. 74. 76. 78. 80. 82. 84. 86. 88. 90.]
[ 0.  2.  4.  6.  8. 10. 12. 14. 16. 18. 20. 22. 24. 26. 28. 30. 32. 34.
 36. 38. 40. 42. 44. 46. 48. 50. 52. 54. 56. 58. 60. 62. 64. 66. 68. 70.
 72. 74. 76. 78. 80. 82. 84. 86. 88. 90.]
[ 0.  2.  4.  6.  8. 10. 12. 14. 16. 18. 20. 22. 24. 26. 28. 30. 32. 34.
 36. 38. 40. 42. 44. 46. 48. 50. 52. 54. 56. 58. 60. 62. 64. 66. 68. 70.
 72. 74. 76. 78. 80. 82. 84. 86. 88. 90.]
[ 0.  2.  4.  6.  8. 10. 12. 14. 16. 18. 20. 22. 24. 26. 28. 30. 32. 34.
 36. 38. 40. 42. 44. 46. 48. 50. 52. 54. 56. 58. 60. 62. 64. 66. 68. 70.
 72. 74. 76. 78. 80. 82. 84. 86. 88. 90.]
[ 0.  2.  4.  6.  8. 10. 12. 14. 16. 18. 20. 22. 24. 26. 28. 30. 32. 34.
 36. 38. 40. 42. 44. 46. 48. 50. 52. 54. 56. 58. 60. 62. 64. 66. 68. 70.
 72. 74. 76. 78. 80. 82. 84. 86. 88. 90.]
[ 0.  2.  4.  6.  8. 10. 12. 14. 16. 18. 20. 22. 24. 26. 28. 30. 32. 34.
 36. 38. 40. 42. 44. 46. 48. 50. 52. 54. 56. 58. 60. 62. 64. 66. 68. 70.
 72. 74. 76. 78. 80. 82. 84. 86. 88. 90.]
[ 0.  2.  4.  6.  8. 10. 12. 14. 16. 18. 20. 22. 24. 26. 28. 30. 32. 34.
 36. 38. 40. 42. 44. 46. 48. 50. 52. 54. 56. 58. 60. 62. 64. 66. 68. 70.
 72. 74. 76. 78. 80. 82. 84. 86. 88. 90.]
[ 0.  2.  4.  6.  8. 10. 12. 14. 16. 18. 20. 22. 24. 26. 28. 30. 32. 34.
 36. 38. 40. 42. 44. 46. 48. 50. 52. 54. 56. 58. 60. 62. 64. 66. 68. 70.
 72. 74. 76. 78. 80. 82. 84. 86. 88. 90.]
[ 0.  2.  4.  6.  8. 10. 12. 14. 16. 18. 20. 22. 24. 26. 28. 30. 32. 34.
 36. 38. 40. 42. 44. 46. 48. 50. 52. 54. 56. 58. 60. 62. 64. 66. 68. 70.
 72. 74. 76. 78. 80. 82. 84. 86. 88. 90.]
[ 0.  2.  4.  6.  8. 10. 12. 14. 16. 18. 20. 22. 24. 26. 28. 30. 32. 34.
 36. 38. 40. 42. 44. 46. 48. 50. 52. 54. 56. 58. 60. 62. 64. 66. 68. 70.
 72. 74. 76. 78. 80. 82. 84. 86. 88. 90.]
[ 0.  2.  4.  6.  8. 10. 12. 14. 16. 18. 20. 22. 24. 26. 28. 30. 32. 34.
 36. 38. 40. 42. 44. 46. 48. 50. 52. 54. 56. 58. 60. 62. 64. 66. 68. 70.
 72. 74. 76. 78. 80. 82. 84. 86. 88. 90.]
[ 0.  2.  4.  6.  8. 10. 12. 14. 16. 18. 20. 22. 24. 26. 28. 30. 32. 34.
 36. 38. 40. 42. 44. 46. 48. 50. 52. 54. 56. 58. 60. 62. 64. 66. 68. 70.
 72. 74. 76. 78. 80. 82. 84. 86. 88. 90.]
[ 0.  2.  4.  6.  8. 10. 12. 14. 16. 18. 20. 22. 24. 26. 28. 30. 32. 34.
 36. 38. 40. 42. 44. 46. 48. 50. 52. 54. 56. 58. 60. 62. 64. 66. 68. 70.
 72. 74. 76. 78. 80. 82. 84. 86. 88. 90.]
[ 0.  2.  4.  6.  8. 10. 12. 14. 16. 18. 20. 22. 24. 26. 28. 30. 32. 34.
 36. 38. 40. 42. 44. 46. 48. 50. 52. 54. 56. 58. 60. 62. 64. 66. 68. 70.
 72. 74. 76. 78. 80. 82. 84. 86. 88. 90.]
[ 0.  2.  4.  6.  8. 10. 12. 14. 16. 18. 20. 22. 24. 26. 28. 30. 32. 34.
 36. 38. 40. 42. 44. 46. 48. 50. 52. 54. 56. 58. 60. 62. 64. 66. 68. 70.
 72. 74. 76. 78. 80. 82. 84. 86. 88. 90.]
[ 0.  2.  4.  6.  8. 10. 12. 14. 16. 18. 20. 22. 24. 26. 28. 30. 32. 34.
 36. 38. 40. 42. 44. 46. 48. 50. 52. 54. 56. 58. 60. 62. 64. 66. 68. 70.
 72. 74. 76. 78. 80. 82. 84. 86. 88. 90.]
[ 0.  2.  4.  6.  8. 10. 12. 14. 16. 18. 20. 22. 24. 26. 28. 30. 32. 34.
 36. 38. 40. 42. 44. 46. 48. 50. 52. 54. 56. 58. 60. 62. 64. 66. 68. 70.
 72. 74. 76. 78. 80. 82. 84. 86. 88. 90.]
[ 0.  2.  4.  6.  8. 10. 12. 14. 16. 18. 20. 22. 24. 26. 28. 30. 32. 34.
 36. 38. 40. 42. 44. 46. 48. 50. 52. 54. 56. 58. 60. 62. 64. 66. 68. 70.
 72. 74. 76. 78. 80. 82. 84. 86. 88. 90.]
[ 0.  2.  4.  6.  8. 10. 12. 14. 16. 18. 20. 22. 24. 26. 28. 30. 32. 34.
 36. 38. 40. 42. 44. 46. 48. 50. 52. 54. 56. 58. 60. 62. 64. 66. 68. 70.
 72. 74. 76. 78. 80. 82. 84. 86. 88. 90.]

RCS Theta (dBsm):
[64.97149873 63.15031441 56.34523608 37.51794979 51.55829172 47.60241949
 35.71939554 47.09404129 43.52846751 34.95718553 44.58778932 40.23832252
 31.32119946 40.64522732 40.08851814 29.10659663 40.3644605  40.06573238
 26.56189035 28.52607119 40.02450092 39.36840201 27.98743598 27.98743598
 39.36840201 40.02450092 28.52607119 26.56189035 40.06573238 40.3644605
 29.10659663 40.08851814 40.64522732 31.32119946 40.23832252 44.58778932
 34.95718553 43.52846751 47.09404129 35.71939554 47.60241949 51.55829172
 37.51794979 56.34523608 63.15031441 64.97149873]
[64.97149873 63.14521757 56.32936431 37.33270758 51.44513579 47.48051624
 35.39448402 46.91331094 43.42705767 34.79874262 44.54930719 40.26362395
 30.90574153 40.27281855 39.67893306 28.80877053 40.02881554 39.78769898
 26.47494762 27.57730388 39.40246076 38.80184676 27.00396199 26.78050662
 38.53168566 39.21028732 27.50867876 25.63482419 39.06385261 39.37562253
 27.84284721 38.73526243 39.17089208 29.82193901 38.93183324 43.28869911
 33.67241337 42.05088514 45.53278114 34.06829098 45.8541055  49.76407484
 35.69308673 54.52730623 61.33672094 63.1528399 ]
[64.97149873 63.1458095  56.34497292 36.90739137 51.3403385  47.43291166
 34.75098445 46.64683217 43.25828927 33.89074149 43.98202721 39.78231225
 29.28630738 39.15834315 38.69917081 27.92717407 38.43679464 38.26203451
 25.50400618 24.74029341 37.1590023  36.63786526 24.2167828  23.09056165
 35.39564437 36.12099693 24.27755255 21.86195754 34.76052535 35.10294026
 23.38215215 34.23780835 34.05992224 24.07983949 33.25087922 37.59403167
 27.9606459  36.34764363 39.74660573 28.1383175  39.69617485 43.39932866
 29.12866675 48.12965454 54.60270599 56.40054018]
[64.97149873 63.14678056 56.37051308 36.15699693 51.16105515 47.34036636
 33.58940244 46.1555083  42.90365383 32.22746418 42.92583334 38.8447985
 26.32127718 37.16504864 36.86026916 26.40217794 35.34803149 35.19517005
 23.09400695 19.14109081 32.48911042 31.88862418 18.82372261 15.30163672
 28.17872286 28.601566   16.4069558  12.25655498 23.03513062 22.70868014
 10.01593096 20.64311732 17.71766846  5.          8.32767659 13.19042626
  5.         13.10649859 15.81312028  5.         13.40783897 18.83304718
 26.55031036 26.8987161  34.48956062 36.56764703]
[64.97149873 63.14811178 56.40541298 35.00519984 50.90439268 47.19498067
 31.77924747 45.41927871 42.32437395 29.64378865 41.29241802 37.30362506
 21.45354385 34.00762261 33.7777526  23.76065389 29.86156258 29.29123818
 17.13905183  8.04618942 21.84913611 19.11993135  5.          5.
 12.08127694 17.99151389  9.90040102  9.7703697  22.83419836 25.08170534
 14.10680022 25.42659889 25.5949173  15.32210139 26.50787359 31.54678196
 22.85464069 30.83201493 34.59142006 23.25197129 34.65142042 38.41430729
 24.1206684  43.04971826 49.82298179 51.64028524]
[64.97149873 63.14977712 56.44889784 33.30171549 50.56622048 46.98590586
 29.04591076 44.40727081 41.460936   25.86201056 38.91676774 34.86855439
 13.25961668 28.96254498 28.35570886 18.02114097 17.57920796 10.9597285
  5.          5.         20.0656145  24.24609485 14.92523152  5.
 24.94950797 28.35213126 19.29668077 17.14884062 26.17959875 28.04842586
 16.867296   28.20861168 27.4138633  14.16797461 25.2866168  29.83949649
 21.01355853 29.04000958 32.76504438 21.35804792 32.51204496 36.00314213
 21.39337694 40.08242465 46.68022203 48.43730627]
[64.97149873 63.15174405 56.50001325 30.72161199 50.14105921 46.69937564
 24.7179938  43.07353672 40.22279384 20.65428613 35.46381625 30.85610988
  5.         19.0736396  13.55246091  5.         18.77409906 24.97019733
 19.43647683  7.62607416 25.53305905 28.79941204 19.86695765  5.
 24.55092753 28.0135902  19.23481929 16.58134511 21.16891656 22.29561366
 10.72492977 22.06356602 20.26248372  5.          9.35960258  8.74174324
  5.         13.15129671 18.06092394  7.97228496 17.89137898 21.52621085
  7.29662317 25.8768712  32.75002789 34.61593389]
[64.97149873 63.15397416 56.557653   26.37196356 49.62191379 46.31856894
 16.60658213 41.34892844 38.46372134 15.90634672 30.08452446 22.704697
  5.         13.39262737 22.1977319  21.27158884 23.18316895 28.55156219
 22.82708271 13.71582491 24.23876961 27.66883749 19.16187997  5.23576335
 17.30811928 20.13592586  9.35701803  5.          5.         12.82168435
  5.         18.41746013 19.85262602  5.         19.85234771 25.23750622
 17.89172473 26.23975596 30.95012586 20.63564821 31.43518906 35.31111965
 21.02556188 39.73914193 46.43311529 48.22143782]
[64.97149873 63.15642391 56.62058986 15.39680109 49.00002775 45.82317069
 15.18692324 39.12453773 35.91640091 14.52191661 19.14028154 17.56794069
 11.13498869 21.43438873 27.48286356 25.85489526 21.90304402 27.94740372
 22.28859445 15.21786078 17.75124195 20.64758483  9.55905517  5.
  7.67406256 18.31644423 16.01088582 14.17618553 18.89945692 21.53868351
 11.15324702 25.13100461 26.0934727  10.36343064 22.61484414 25.00392878
 16.23102629 24.15198995 28.7080323  18.3124677  29.13547307 32.9727341
 18.63354682 37.28892378 43.93459298 45.70429256]
[64.97149873 63.15904553 56.68750801 20.17034031 48.26452525 45.18843621
 22.3694604  36.21387673 31.97677736  9.4017577  19.84659    27.55727808
 19.36692239 22.11801526 28.5851684  27.20794863 17.31205354 23.79479496
 17.02542896  9.92048612  5.         15.45162766 16.34743859 10.26112516
 15.72507067 23.82834966 20.53918432 18.78252547 21.55323038 19.02769825
  7.39764363 21.69869999 22.46144992  6.40646338 17.18396503 15.59677431
  5.          5.         13.98292848  7.13906651 19.60903442 24.68596627
 11.42663466 30.07130383 36.97682452 38.81782723]
[64.97149873 63.16178793 56.75703567 28.66018131 47.40188808 44.38343356
 25.34961677 32.24956817 24.62439561 11.23309678 25.89162834 30.90863891
 23.51588793 19.41182394 27.30412212 25.97009591 12.08394829 12.0004337
  5.          8.47317551 11.75695382 22.8468444  21.80128991 15.99322154
 16.75385247 21.17242148 17.72345331 16.06751735 18.04879139  8.82355046
  5.         10.39377195 16.27484144  7.2650911  16.19445386 19.19367595
  9.54802678 20.57723877 26.18593643 17.19675148 28.3335434  32.94671817
 19.41338548 38.01888794 44.88137788 46.71351835]
[64.97149873 63.16459769 56.82777689 32.97101279 46.39518451 43.36784697
 26.34210836 26.30270894 18.28384153 21.93355501 27.13437084 31.98615226
 25.33012505 12.46911951 23.53286812 20.93677029  5.         14.24976461
 18.70634038 18.77725629 16.04989322 22.16580821 21.17195237 15.57519398
 15.5810905   9.12854385  5.          5.         13.2306863  11.10466113
  5.         19.20578316 23.82777834 13.79375188 23.28629515 25.44441158
 13.2019137  22.06017567 24.90034789 14.03580122 24.38029676 28.41990515
 14.60104424 33.02324375 39.81154781 41.62156776]
[64.97149873 63.16742015 56.89834149 35.8635981  45.22291326 42.08603896
 25.77413317 14.53234537 28.24393135 27.24107401 25.94524267 31.52552737
 25.16630316  5.         15.31917231 10.84398422 14.79800458 17.51821539
 21.2320212  21.33386304 19.10729874 15.90338923 14.00596859  6.75711406
  5.          7.80418911 13.7091207  13.40704423 22.85265926 19.75115958
  5.         17.3160862  20.59821928 10.21712393 19.82860535 21.67888674
  8.8195476  16.2095797  15.9162704   5.          5.         13.19316516
  5.         24.69607941 32.56115431 34.69949619]
[64.97149873 63.17020043 56.96737253 38.01146445 43.85722807 40.45531472
 23.2195438  17.00965313 32.17837448 30.40915337 22.38651081 29.5871153
 22.59335819  5.          5.         22.05047424 22.5722019  14.2531688
 19.54687158 19.86272663 17.64147835  5.          8.04073561  7.98319899
 18.31004214 16.43084511 13.24715022 12.95685012 22.53476577 19.43288214
  5.         11.59877638  5.          5.         13.2830542  19.4802585
 11.28032517 19.35931387 23.20946162 11.96261236 23.5333131  27.60465073
 13.71932724 32.75221223 39.67959047 41.54476152]
[64.97149873 63.17288452 57.03357079 39.68596966 42.26112071 38.34021194
 15.86367378 21.72335471 34.02847484 32.23073474 15.74321431 25.76914944
 14.71431017  5.         12.04321419 25.37601773 25.53922203 12.10793999
 13.35593467 13.0452329   8.12796543  7.1520141  14.2041934  13.33629439
 22.13780094 20.27575002  7.34953321  5.         13.20323472 10.71704435
  5.         10.77719098 13.55797262  6.47562143 18.75987936 24.30262225
 15.67794525 23.98807727 27.69391191 16.26514775 27.09799146 30.38891112
 15.58031867 34.03090047 40.49179473 42.19965348]
[64.97149873 63.17542031 57.09571614 41.02356574 40.38375654 35.48657153
 15.1559145  21.78045108 34.66740795 32.98376115 14.34348926 18.54003572
 12.69413346 16.35876968  7.63794954 25.14932598 25.36563651 13.38827826
  5.          5.         18.98178599 18.58148993 10.58983966 10.4049225
 19.8157247  17.48374961  5.          5.         14.35763068 18.85764622
  7.53317496 20.94678065 20.62714352  5.         15.76339737 18.82798664
  9.48153461 17.61557184 21.21165869  9.6039108  20.62984839 23.82964841
  9.00108091 27.13182445 33.47095686 35.12719655]
[64.97149873 63.17775862 57.15268571 42.10222211 38.15231099 31.30357289
 25.59196017 18.06180899 34.3613671  32.73620033 17.21168917  5.
 22.05111939 21.83451546 10.5756504  21.88727245 21.68579913  7.42941189
  5.         11.03083791 22.62031705 22.21869865  8.84672463  5.
  9.77444631 13.45426006 11.06452695  9.19572478 15.39913664 18.5176881
  7.0819655  20.55630559 20.10284175  5.         11.39109978  5.
  5.         13.84590636 21.34572398 13.05933727 24.58218992 29.36443889
 15.91153943 34.58266684 41.46828363 43.3075158 ]
[64.97149873 63.17985413 57.20346904 42.97025422 35.45660114 23.67494356
 30.54570213 12.24251515 33.15661476 31.3977096  15.14262246 13.23273145
 24.98668043 24.2986458  17.54755771 14.28852538 12.29439653 16.59138114
  7.85736107  6.19561233 21.19682473 20.66257603  7.06042533  5.
 11.2271412  20.29439252 16.9319992  15.02085732 17.42961723 11.23484922
  5.         11.0516914  14.19966676  5.50978378 14.68143815 17.9061365
  6.92673168 17.48100609 22.38020015 13.10341252 24.27574722 28.86385787
 15.32514735 33.93463323 40.7986155  42.63133241]
[64.97149873 63.18166624 57.24718041 43.65920044 32.11715076 13.73963319
 33.68845578 21.86599431 30.94973974 28.64281694 10.77245989 11.47668458
 25.2717365  24.63493806 19.10771714  5.         16.76151207 22.38230847
 15.62334993  6.18302172 14.26345571 12.45283443 10.75439297  6.5095925
 11.5209441  18.9583825  15.64895776 13.79346393 15.75078631  5.
  5.         13.75781377 20.12185147 11.46090512 21.16928015 24.13834476
 12.55798211 20.87202551 22.81361998  9.80876905 18.98500305 20.5418179
  5.         20.70908333 26.18516653 27.5637982 ]
[64.97149873 63.18315988 57.2830686  44.19026824 27.80875538 26.54821109
 35.83233769 27.29960456 27.43647843 23.54325933 21.17640369 10.27766919
 23.36382821 22.91475964 16.25290616  5.         18.87138343 23.72090042
 17.45834284 11.46947177  5.         15.12677316 17.99578379 13.60125401
 16.63114131 11.40808881  5.20514674  5.         14.67285361 15.55907891
  5.         14.65208263 17.03768301  8.00876123 17.42348847 20.30324212
  8.41052085 16.9690599  18.93229118  6.39550868 14.9497507  17.22182803
  5.         21.22940557 28.40457537 30.39434545]
[64.97149873 63.18430614 57.31052451 44.57782631 21.83187318 30.74476057
 37.28717143 30.40215491 21.85013763 14.48458068 26.74730353 20.20812074
 18.67664803 18.51726238  5.         16.1270924  14.97025057 21.61342951
 14.55124609  6.33813337  5.         15.98499558 18.63522231 14.29206327
 17.57671816  8.96327996  5.          5.00805487 20.07939193 20.58071463
  6.72989649 18.56422447 15.31826688  5.          5.         13.92672606
  9.06480156 18.98588939 24.49048466 14.83371529 25.75095506 29.88138503
 15.83194177 34.43953658 41.15365666 42.94243443]
[64.97149873 63.18508286 57.32908672 44.83139395 12.06075889 32.79104617
 38.1985779  32.18656529 11.80435996 19.32726129 29.7110777  24.77493682
  7.84616965  8.43638277 15.67028534 22.67806265 14.85177996 15.1574673
  5.          7.73540692 17.33286673 12.49176831 13.63947842  9.17521926
 11.5955321  13.42291415  6.02613944  5.         16.7679045  17.45064961
  5.         15.19348841 13.04695519  5.          9.39990285 15.41949086
  8.93611683 18.67312423 24.04626908 14.35147766 25.23348353 29.35596719
 15.29741358 33.90654983 40.61789173 42.40577923]
[64.97149873 63.18547501 57.33844555 44.95679399  5.         33.67703316
 38.63891971 33.01391958  6.49693718 23.0102683  31.04342707 26.69520219
  5.          5.         20.19044278 25.39824303 19.81555107  5.
  7.77773454 15.34799206 22.03575404 17.72274918  5.          5.
 14.46732824 20.83357574 14.76357641 12.11688169 11.71501186  5.
  5.         15.2885027  20.26344517 10.18247965 19.83546864 21.85153478
  9.26942918 17.1076164  18.17395836  5.         11.59895659 13.83401763
  5.         21.25778451 29.0589535  31.20996553]
[64.97149873 63.18547501 57.33844555 44.95679399  5.         33.67703316
 38.63891971 33.01391958  6.49693718 23.0102683  31.04342707 26.69520219
  5.          5.         20.19044278 25.39824303 19.81555107  5.
  7.77773454 15.34799206 22.03575404 17.72274918  5.          5.
 14.46732824 20.83357574 14.76357641 12.11688169 11.71501186  5.
  5.         15.2885027  20.26344517 10.18247965 19.83546864 21.85153478
  9.26942918 17.1076164  18.17395836  5.         11.59895659 13.83401763
  5.         21.25778451 29.0589535  31.20996553]
[64.97149873 63.18508286 57.32908672 44.83139395 12.06075889 32.79104617
 38.1985779  32.18656529 11.80435996 19.32726129 29.7110777  24.77493682
  7.84616965  8.43638277 15.67028534 22.67806265 14.85177996 15.1574673
  5.          7.73540692 17.33286673 12.49176831 13.63947842  9.17521926
 11.5955321  13.42291415  6.02613944  5.         16.7679045  17.45064961
  5.         15.19348841 13.04695519  5.          9.39990285 15.41949086
  8.93611683 18.67312423 24.04626908 14.35147766 25.23348353 29.35596719
 15.29741358 33.90654983 40.61789173 42.40577923]
[64.97149873 63.18430614 57.31052451 44.57782631 21.83187318 30.74476057
 37.28717143 30.40215491 21.85013763 14.48458068 26.74730353 20.20812074
 18.67664803 18.51726238  5.         16.1270924  14.97025057 21.61342951
 14.55124609  6.33813337  5.         15.98499558 18.63522231 14.29206327
 17.57671816  8.96327996  5.          5.00805487 20.07939193 20.58071463
  6.72989649 18.56422447 15.31826688  5.          5.         13.92672606
  9.06480156 18.98588939 24.49048466 14.83371529 25.75095506 29.88138503
 15.83194177 34.43953658 41.15365666 42.94243443]
[64.97149873 63.18315988 57.2830686  44.19026824 27.80875538 26.54821109
 35.83233769 27.29960456 27.43647843 23.54325933 21.17640369 10.27766919
 23.36382821 22.91475964 16.25290616  5.         18.87138343 23.72090042
 17.45834284 11.46947177  5.         15.12677316 17.99578379 13.60125401
 16.63114131 11.40808881  5.20514674  5.         14.67285361 15.55907891
  5.         14.65208263 17.03768301  8.00876123 17.42348847 20.30324212
  8.41052085 16.9690599  18.93229118  6.39550868 14.9497507  17.22182803
  5.         21.22940557 28.40457537 30.39434545]
[64.97149873 63.18166624 57.24718041 43.65920044 32.11715076 13.73963319
 33.68845578 21.86599431 30.94973974 28.64281694 10.77245989 11.47668458
 25.2717365  24.63493806 19.10771714  5.         16.76151207 22.38230847
 15.62334993  6.18302172 14.26345571 12.45283443 10.75439297  6.5095925
 11.5209441  18.9583825  15.64895776 13.79346393 15.75078631  5.
  5.         13.75781377 20.12185147 11.46090512 21.16928015 24.13834476
 12.55798211 20.87202551 22.81361998  9.80876905 18.98500305 20.5418179
  5.         20.70908333 26.18516653 27.5637982 ]
[64.97149873 63.17985413 57.20346904 42.97025422 35.45660114 23.67494356
 30.54570213 12.24251515 33.15661476 31.3977096  15.14262246 13.23273145
 24.98668043 24.2986458  17.54755771 14.28852538 12.29439653 16.59138114
  7.85736107  6.19561233 21.19682473 20.66257603  7.06042533  5.
 11.2271412  20.29439252 16.9319992  15.02085732 17.42961723 11.23484922
  5.         11.0516914  14.19966676  5.50978378 14.68143815 17.9061365
  6.92673168 17.48100609 22.38020015 13.10341252 24.27574722 28.86385787
 15.32514735 33.93463323 40.7986155  42.63133241]
[64.97149873 63.17775862 57.15268571 42.10222211 38.15231099 31.30357289
 25.59196017 18.06180899 34.3613671  32.73620033 17.21168917  5.
 22.05111939 21.83451546 10.5756504  21.88727245 21.68579913  7.42941189
  5.         11.03083791 22.62031705 22.21869865  8.84672463  5.
  9.77444631 13.45426006 11.06452695  9.19572478 15.39913664 18.5176881
  7.0819655  20.55630559 20.10284175  5.         11.39109978  5.
  5.         13.84590636 21.34572398 13.05933727 24.58218992 29.36443889
 15.91153943 34.58266684 41.46828363 43.3075158 ]
[64.97149873 63.17542031 57.09571614 41.02356574 40.38375654 35.48657153
 15.1559145  21.78045108 34.66740795 32.98376115 14.34348926 18.54003572
 12.69413346 16.35876968  7.63794954 25.14932598 25.36563651 13.38827826
  5.          5.         18.98178599 18.58148993 10.58983966 10.4049225
 19.8157247  17.48374961  5.          5.         14.35763068 18.85764622
  7.53317496 20.94678065 20.62714352  5.         15.76339737 18.82798664
  9.48153461 17.61557184 21.21165869  9.6039108  20.62984839 23.82964841
  9.00108091 27.13182445 33.47095686 35.12719655]
[64.97149873 63.17288452 57.03357079 39.68596966 42.26112071 38.34021194
 15.86367378 21.72335471 34.02847484 32.23073474 15.74321431 25.76914944
 14.71431017  5.         12.04321419 25.37601773 25.53922203 12.10793999
 13.35593467 13.0452329   8.12796543  7.1520141  14.2041934  13.33629439
 22.13780094 20.27575002  7.34953321  5.         13.20323472 10.71704435
  5.         10.77719098 13.55797262  6.47562143 18.75987936 24.30262225
 15.67794525 23.98807727 27.69391191 16.26514775 27.09799146 30.38891112
 15.58031867 34.03090047 40.49179473 42.19965348]
[64.97149873 63.17020043 56.96737253 38.01146445 43.85722807 40.45531472
 23.2195438  17.00965313 32.17837448 30.40915337 22.38651081 29.5871153
 22.59335819  5.          5.         22.05047424 22.5722019  14.2531688
 19.54687158 19.86272663 17.64147835  5.          8.04073561  7.98319899
 18.31004214 16.43084511 13.24715022 12.95685012 22.53476577 19.43288214
  5.         11.59877638  5.          5.         13.2830542  19.4802585
 11.28032517 19.35931387 23.20946162 11.96261236 23.5333131  27.60465073
 13.71932724 32.75221223 39.67959047 41.54476152]
[64.97149873 63.16742015 56.89834149 35.8635981  45.22291326 42.08603896
 25.77413317 14.53234537 28.24393135 27.24107401 25.94524267 31.52552737
 25.16630316  5.         15.31917231 10.84398422 14.79800458 17.51821539
 21.2320212  21.33386304 19.10729874 15.90338923 14.00596859  6.75711406
  5.          7.80418911 13.7091207  13.40704423 22.85265926 19.75115958
  5.         17.3160862  20.59821928 10.21712393 19.82860535 21.67888674
  8.8195476  16.2095797  15.9162704   5.          5.         13.19316516
  5.         24.69607941 32.56115431 34.69949619]
[64.97149873 63.16459769 56.82777689 32.97101279 46.39518451 43.36784697
 26.34210836 26.30270894 18.28384153 21.93355501 27.13437084 31.98615226
 25.33012505 12.46911951 23.53286812 20.93677029  5.         14.24976461
 18.70634038 18.77725629 16.04989322 22.16580821 21.17195237 15.57519398
 15.5810905   9.12854385  5.          5.         13.2306863  11.10466113
  5.         19.20578316 23.82777834 13.79375188 23.28629515 25.44441158
 13.2019137  22.06017567 24.90034789 14.03580122 24.38029676 28.41990515
 14.60104424 33.02324375 39.81154781 41.62156776]
[64.97149873 63.16178793 56.75703567 28.66018131 47.40188808 44.38343356
 25.34961677 32.24956817 24.62439561 11.23309678 25.89162834 30.90863891
 23.51588793 19.41182394 27.30412212 25.97009591 12.08394829 12.0004337
  5.          8.47317551 11.75695382 22.8468444  21.80128991 15.99322154
 16.75385247 21.17242148 17.72345331 16.06751735 18.04879139  8.82355046
  5.         10.39377195 16.27484144  7.2650911  16.19445386 19.19367595
  9.54802678 20.57723877 26.18593643 17.19675148 28.3335434  32.94671817
 19.41338548 38.01888794 44.88137788 46.71351835]
[64.97149873 63.15904553 56.68750801 20.17034031 48.26452525 45.18843621
 22.3694604  36.21387673 31.97677736  9.4017577  19.84659    27.55727808
 19.36692239 22.11801526 28.5851684  27.20794863 17.31205354 23.79479496
 17.02542896  9.92048612  5.         15.45162766 16.34743859 10.26112516
 15.72507067 23.82834966 20.53918432 18.78252547 21.55323038 19.02769825
  7.39764363 21.69869999 22.46144992  6.40646338 17.18396503 15.59677431
  5.          5.         13.98292848  7.13906651 19.60903442 24.68596627
 11.42663466 30.07130383 36.97682452 38.81782723]
[64.97149873 63.15642391 56.62058986 15.39680109 49.00002775 45.82317069
 15.18692324 39.12453773 35.91640091 14.52191661 19.14028154 17.56794069
 11.13498869 21.43438873 27.48286356 25.85489526 21.90304402 27.94740372
 22.28859445 15.21786078 17.75124195 20.64758483  9.55905517  5.
  7.67406256 18.31644423 16.01088582 14.17618553 18.89945692 21.53868351
 11.15324702 25.13100461 26.0934727  10.36343064 22.61484414 25.00392878
 16.23102629 24.15198995 28.7080323  18.3124677  29.13547307 32.9727341
 18.63354682 37.28892378 43.93459298 45.70429256]
[64.97149873 63.15397416 56.557653   26.37196356 49.62191379 46.31856894
 16.60658213 41.34892844 38.46372134 15.90634672 30.08452446 22.704697
  5.         13.39262737 22.1977319  21.27158884 23.18316895 28.55156219
 22.82708271 13.71582491 24.23876961 27.66883749 19.16187997  5.23576335
 17.30811928 20.13592586  9.35701803  5.          5.         12.82168435
  5.         18.41746013 19.85262602  5.         19.85234771 25.23750622
 17.89172473 26.23975596 30.95012586 20.63564821 31.43518906 35.31111965
 21.02556188 39.73914193 46.43311529 48.22143782]
[64.97149873 63.15174405 56.50001325 30.72161199 50.14105921 46.69937564
 24.7179938  43.07353672 40.22279384 20.65428613 35.46381625 30.85610988
  5.         19.0736396  13.55246091  5.         18.77409906 24.97019733
 19.43647683  7.62607416 25.53305905 28.79941204 19.86695765  5.
 24.55092753 28.0135902  19.23481929 16.58134511 21.16891656 22.29561366
 10.72492977 22.06356602 20.26248372  5.          9.35960258  8.74174324
  5.         13.15129671 18.06092394  7.97228496 17.89137898 21.52621085
  7.29662317 25.8768712  32.75002789 34.61593389]
[64.97149873 63.14977712 56.44889784 33.30171549 50.56622048 46.98590586
 29.04591076 44.40727081 41.460936   25.86201056 38.91676774 34.86855439
 13.25961668 28.96254498 28.35570886 18.02114097 17.57920796 10.9597285
  5.          5.         20.0656145  24.24609485 14.92523152  5.
 24.94950797 28.35213126 19.29668077 17.14884062 26.17959875 28.04842586
 16.867296   28.20861168 27.4138633  14.16797461 25.2866168  29.83949649
 21.01355853 29.04000958 32.76504438 21.35804792 32.51204496 36.00314213
 21.39337694 40.08242465 46.68022203 48.43730627]
[64.97149873 63.14811178 56.40541298 35.00519984 50.90439268 47.19498067
 31.77924747 45.41927871 42.32437395 29.64378865 41.29241802 37.30362506
 21.45354385 34.00762261 33.7777526  23.76065389 29.86156258 29.29123818
 17.13905183  8.04618942 21.84913611 19.11993135  5.          5.
 12.08127694 17.99151389  9.90040102  9.7703697  22.83419836 25.08170534
 14.10680022 25.42659889 25.5949173  15.32210139 26.50787359 31.54678196
 22.85464069 30.83201493 34.59142006 23.25197129 34.65142042 38.41430729
 24.1206684  43.04971826 49.82298179 51.64028524]
[64.97149873 63.14678056 56.37051308 36.15699693 51.16105515 47.34036636
 33.58940244 46.1555083  42.90365383 32.22746418 42.92583334 38.8447985
 26.32127718 37.16504864 36.86026916 26.40217794 35.34803149 35.19517005
 23.09400695 19.14109081 32.48911042 31.88862418 18.82372261 15.30163672
 28.17872286 28.601566   16.4069558  12.25655498 23.03513062 22.70868014
 10.01593096 20.64311732 17.71766846  5.          8.32767659 13.19042626
  5.         13.10649859 15.81312028  5.         13.40783897 18.83304718
 18.3447307  26.8987161  34.48956062 36.56764703]
[64.97149873 63.1458095  56.34497292 36.90739137 51.3403385  47.43291166
 34.75098445 46.64683217 43.25828927 33.89074149 43.98202721 39.78231225
 29.28630738 39.15834315 38.69917081 27.92717407 38.43679464 38.26203451
 25.50400618 24.74029341 37.1590023  36.63786526 24.2167828  23.09056165
 35.39564437 36.12099693 24.27755255 21.86195754 34.76052535 35.10294026
 23.38215215 34.23780835 34.05992224 24.07983949 33.25087922 37.59403167
 27.9606459  36.34764363 39.74660573 28.1383175  39.69617485 43.39932866
 29.12866675 47.74327351 54.60270599 56.40054018]
[64.97149873 63.14521757 56.32936431 37.33270758 51.44513579 47.48051624
 35.39448402 46.91331094 43.42705767 34.79874262 44.54930719 40.26362395
 30.90574153 40.27281855 39.67893306 28.80877053 40.02881554 39.78769898
 26.47494762 27.57730388 39.40246076 38.80184676 27.00396199 26.78050662
 38.53168566 39.21028732 27.50867876 25.63482419 39.06385261 39.37562253
 27.84284721 38.73526243 39.17089208 29.82193901 38.93183324 43.28869911
 33.67241337 42.05088514 45.53278114 34.06829098 45.8541055  49.76407484
 35.69308673 54.52730623 61.32849142 63.1528399 ]
[64.97149873 63.15031441 56.34523608 37.51794979 51.55829172 47.60241949
 35.71939554 47.09404129 43.52846751 34.95718553 44.58778932 40.23832252
 31.32119946 40.64522732 40.08851814 29.10659663 40.3644605  40.06573238
 26.56189035 28.52607119 40.02450092 39.36840201 27.98743598 27.98743598
 39.36840201 40.02450092 28.52607119 26.56189035 40.06573238 40.3644605
 29.10659663 40.08851814 40.64522732 31.32119946 40.23832252 44.58778932
 34.95718553 43.52846751 47.09404129 35.71939554 47.60241949 51.55829172
 37.51794979 56.34523608 63.15031441 64.97149873]

Phi (deg):
[0. 0. 0. 0. 0. 0. 0. 0. 0. 0. 0. 0. 0. 0. 0. 0. 0. 0. 0. 0. 0. 0. 0. 0.
 0. 0. 0. 0. 0. 0. 0. 0. 0. 0. 0. 0. 0. 0. 0. 0. 0. 0. 0. 0. 0. 0.]
[2. 2. 2. 2. 2. 2. 2. 2. 2. 2. 2. 2. 2. 2. 2. 2. 2. 2. 2. 2. 2. 2. 2. 2.
 2. 2. 2. 2. 2. 2. 2. 2. 2. 2. 2. 2. 2. 2. 2. 2. 2. 2. 2. 2. 2. 2.]
[4. 4. 4. 4. 4. 4. 4. 4. 4. 4. 4. 4. 4. 4. 4. 4. 4. 4. 4. 4. 4. 4. 4. 4.
 4. 4. 4. 4. 4. 4. 4. 4. 4. 4. 4. 4. 4. 4. 4. 4. 4. 4. 4. 4. 4. 4.]
[6. 6. 6. 6. 6. 6. 6. 6. 6. 6. 6. 6. 6. 6. 6. 6. 6. 6. 6. 6. 6. 6. 6. 6.
 6. 6. 6. 6. 6. 6. 6. 6. 6. 6. 6. 6. 6. 6. 6. 6. 6. 6. 6. 6. 6. 6.]
[8. 8. 8. 8. 8. 8. 8. 8. 8. 8. 8. 8. 8. 8. 8. 8. 8. 8. 8. 8. 8. 8. 8. 8.
 8. 8. 8. 8. 8. 8. 8. 8. 8. 8. 8. 8. 8. 8. 8. 8. 8. 8. 8. 8. 8. 8.]
[10. 10. 10. 10. 10. 10. 10. 10. 10. 10. 10. 10. 10. 10. 10. 10. 10. 10.
 10. 10. 10. 10. 10. 10. 10. 10. 10. 10. 10. 10. 10. 10. 10. 10. 10. 10.
 10. 10. 10. 10. 10. 10. 10. 10. 10. 10.]
[12. 12. 12. 12. 12. 12. 12. 12. 12. 12. 12. 12. 12. 12. 12. 12. 12. 12.
 12. 12. 12. 12. 12. 12. 12. 12. 12. 12. 12. 12. 12. 12. 12. 12. 12. 12.
 12. 12. 12. 12. 12. 12. 12. 12. 12. 12.]
[14. 14. 14. 14. 14. 14. 14. 14. 14. 14. 14. 14. 14. 14. 14. 14. 14. 14.
 14. 14. 14. 14. 14. 14. 14. 14. 14. 14. 14. 14. 14. 14. 14. 14. 14. 14.
 14. 14. 14. 14. 14. 14. 14. 14. 14. 14.]
[16. 16. 16. 16. 16. 16. 16. 16. 16. 16. 16. 16. 16. 16. 16. 16. 16. 16.
 16. 16. 16. 16. 16. 16. 16. 16. 16. 16. 16. 16. 16. 16. 16. 16. 16. 16.
 16. 16. 16. 16. 16. 16. 16. 16. 16. 16.]
[18. 18. 18. 18. 18. 18. 18. 18. 18. 18. 18. 18. 18. 18. 18. 18. 18. 18.
 18. 18. 18. 18. 18. 18. 18. 18. 18. 18. 18. 18. 18. 18. 18. 18. 18. 18.
 18. 18. 18. 18. 18. 18. 18. 18. 18. 18.]
[20. 20. 20. 20. 20. 20. 20. 20. 20. 20. 20. 20. 20. 20. 20. 20. 20. 20.
 20. 20. 20. 20. 20. 20. 20. 20. 20. 20. 20. 20. 20. 20. 20. 20. 20. 20.
 20. 20. 20. 20. 20. 20. 20. 20. 20. 20.]
[22. 22. 22. 22. 22. 22. 22. 22. 22. 22. 22. 22. 22. 22. 22. 22. 22. 22.
 22. 22. 22. 22. 22. 22. 22. 22. 22. 22. 22. 22. 22. 22. 22. 22. 22. 22.
 22. 22. 22. 22. 22. 22. 22. 22. 22. 22.]
[24. 24. 24. 24. 24. 24. 24. 24. 24. 24. 24. 24. 24. 24. 24. 24. 24. 24.
 24. 24. 24. 24. 24. 24. 24. 24. 24. 24. 24. 24. 24. 24. 24. 24. 24. 24.
 24. 24. 24. 24. 24. 24. 24. 24. 24. 24.]
[26. 26. 26. 26. 26. 26. 26. 26. 26. 26. 26. 26. 26. 26. 26. 26. 26. 26.
 26. 26. 26. 26. 26. 26. 26. 26. 26. 26. 26. 26. 26. 26. 26. 26. 26. 26.
 26. 26. 26. 26. 26. 26. 26. 26. 26. 26.]
[28. 28. 28. 28. 28. 28. 28. 28. 28. 28. 28. 28. 28. 28. 28. 28. 28. 28.
 28. 28. 28. 28. 28. 28. 28. 28. 28. 28. 28. 28. 28. 28. 28. 28. 28. 28.
 28. 28. 28. 28. 28. 28. 28. 28. 28. 28.]
[30. 30. 30. 30. 30. 30. 30. 30. 30. 30. 30. 30. 30. 30. 30. 30. 30. 30.
 30. 30. 30. 30. 30. 30. 30. 30. 30. 30. 30. 30. 30. 30. 30. 30. 30. 30.
 30. 30. 30. 30. 30. 30. 30. 30. 30. 30.]
[32. 32. 32. 32. 32. 32. 32. 32. 32. 32. 32. 32. 32. 32. 32. 32. 32. 32.
 32. 32. 32. 32. 32. 32. 32. 32. 32. 32. 32. 32. 32. 32. 32. 32. 32. 32.
 32. 32. 32. 32. 32. 32. 32. 32. 32. 32.]
[34. 34. 34. 34. 34. 34. 34. 34. 34. 34. 34. 34. 34. 34. 34. 34. 34. 34.
 34. 34. 34. 34. 34. 34. 34. 34. 34. 34. 34. 34. 34. 34. 34. 34. 34. 34.
 34. 34. 34. 34. 34. 34. 34. 34. 34. 34.]
[36. 36. 36. 36. 36. 36. 36. 36. 36. 36. 36. 36. 36. 36. 36. 36. 36. 36.
 36. 36. 36. 36. 36. 36. 36. 36. 36. 36. 36. 36. 36. 36. 36. 36. 36. 36.
 36. 36. 36. 36. 36. 36. 36. 36. 36. 36.]
[38. 38. 38. 38. 38. 38. 38. 38. 38. 38. 38. 38. 38. 38. 38. 38. 38. 38.
 38. 38. 38. 38. 38. 38. 38. 38. 38. 38. 38. 38. 38. 38. 38. 38. 38. 38.
 38. 38. 38. 38. 38. 38. 38. 38. 38. 38.]
[40. 40. 40. 40. 40. 40. 40. 40. 40. 40. 40. 40. 40. 40. 40. 40. 40. 40.
 40. 40. 40. 40. 40. 40. 40. 40. 40. 40. 40. 40. 40. 40. 40. 40. 40. 40.
 40. 40. 40. 40. 40. 40. 40. 40. 40. 40.]
[42. 42. 42. 42. 42. 42. 42. 42. 42. 42. 42. 42. 42. 42. 42. 42. 42. 42.
 42. 42. 42. 42. 42. 42. 42. 42. 42. 42. 42. 42. 42. 42. 42. 42. 42. 42.
 42. 42. 42. 42. 42. 42. 42. 42. 42. 42.]
[44. 44. 44. 44. 44. 44. 44. 44. 44. 44. 44. 44. 44. 44. 44. 44. 44. 44.
 44. 44. 44. 44. 44. 44. 44. 44. 44. 44. 44. 44. 44. 44. 44. 44. 44. 44.
 44. 44. 44. 44. 44. 44. 44. 44. 44. 44.]
[46. 46. 46. 46. 46. 46. 46. 46. 46. 46. 46. 46. 46. 46. 46. 46. 46. 46.
 46. 46. 46. 46. 46. 46. 46. 46. 46. 46. 46. 46. 46. 46. 46. 46. 46. 46.
 46. 46. 46. 46. 46. 46. 46. 46. 46. 46.]
[48. 48. 48. 48. 48. 48. 48. 48. 48. 48. 48. 48. 48. 48. 48. 48. 48. 48.
 48. 48. 48. 48. 48. 48. 48. 48. 48. 48. 48. 48. 48. 48. 48. 48. 48. 48.
 48. 48. 48. 48. 48. 48. 48. 48. 48. 48.]
[50. 50. 50. 50. 50. 50. 50. 50. 50. 50. 50. 50. 50. 50. 50. 50. 50. 50.
 50. 50. 50. 50. 50. 50. 50. 50. 50. 50. 50. 50. 50. 50. 50. 50. 50. 50.
 50. 50. 50. 50. 50. 50. 50. 50. 50. 50.]
[52. 52. 52. 52. 52. 52. 52. 52. 52. 52. 52. 52. 52. 52. 52. 52. 52. 52.
 52. 52. 52. 52. 52. 52. 52. 52. 52. 52. 52. 52. 52. 52. 52. 52. 52. 52.
 52. 52. 52. 52. 52. 52. 52. 52. 52. 52.]
[54. 54. 54. 54. 54. 54. 54. 54. 54. 54. 54. 54. 54. 54. 54. 54. 54. 54.
 54. 54. 54. 54. 54. 54. 54. 54. 54. 54. 54. 54. 54. 54. 54. 54. 54. 54.
 54. 54. 54. 54. 54. 54. 54. 54. 54. 54.]
[56. 56. 56. 56. 56. 56. 56. 56. 56. 56. 56. 56. 56. 56. 56. 56. 56. 56.
 56. 56. 56. 56. 56. 56. 56. 56. 56. 56. 56. 56. 56. 56. 56. 56. 56. 56.
 56. 56. 56. 56. 56. 56. 56. 56. 56. 56.]
[58. 58. 58. 58. 58. 58. 58. 58. 58. 58. 58. 58. 58. 58. 58. 58. 58. 58.
 58. 58. 58. 58. 58. 58. 58. 58. 58. 58. 58. 58. 58. 58. 58. 58. 58. 58.
 58. 58. 58. 58. 58. 58. 58. 58. 58. 58.]
[60. 60. 60. 60. 60. 60. 60. 60. 60. 60. 60. 60. 60. 60. 60. 60. 60. 60.
 60. 60. 60. 60. 60. 60. 60. 60. 60. 60. 60. 60. 60. 60. 60. 60. 60. 60.
 60. 60. 60. 60. 60. 60. 60. 60. 60. 60.]
[62. 62. 62. 62. 62. 62. 62. 62. 62. 62. 62. 62. 62. 62. 62. 62. 62. 62.
 62. 62. 62. 62. 62. 62. 62. 62. 62. 62. 62. 62. 62. 62. 62. 62. 62. 62.
 62. 62. 62. 62. 62. 62. 62. 62. 62. 62.]
[64. 64. 64. 64. 64. 64. 64. 64. 64. 64. 64. 64. 64. 64. 64. 64. 64. 64.
 64. 64. 64. 64. 64. 64. 64. 64. 64. 64. 64. 64. 64. 64. 64. 64. 64. 64.
 64. 64. 64. 64. 64. 64. 64. 64. 64. 64.]
[66. 66. 66. 66. 66. 66. 66. 66. 66. 66. 66. 66. 66. 66. 66. 66. 66. 66.
 66. 66. 66. 66. 66. 66. 66. 66. 66. 66. 66. 66. 66. 66. 66. 66. 66. 66.
 66. 66. 66. 66. 66. 66. 66. 66. 66. 66.]
[68. 68. 68. 68. 68. 68. 68. 68. 68. 68. 68. 68. 68. 68. 68. 68. 68. 68.
 68. 68. 68. 68. 68. 68. 68. 68. 68. 68. 68. 68. 68. 68. 68. 68. 68. 68.
 68. 68. 68. 68. 68. 68. 68. 68. 68. 68.]
[70. 70. 70. 70. 70. 70. 70. 70. 70. 70. 70. 70. 70. 70. 70. 70. 70. 70.
 70. 70. 70. 70. 70. 70. 70. 70. 70. 70. 70. 70. 70. 70. 70. 70. 70. 70.
 70. 70. 70. 70. 70. 70. 70. 70. 70. 70.]
[72. 72. 72. 72. 72. 72. 72. 72. 72. 72. 72. 72. 72. 72. 72. 72. 72. 72.
 72. 72. 72. 72. 72. 72. 72. 72. 72. 72. 72. 72. 72. 72. 72. 72. 72. 72.
 72. 72. 72. 72. 72. 72. 72. 72. 72. 72.]
[74. 74. 74. 74. 74. 74. 74. 74. 74. 74. 74. 74. 74. 74. 74. 74. 74. 74.
 74. 74. 74. 74. 74. 74. 74. 74. 74. 74. 74. 74. 74. 74. 74. 74. 74. 74.
 74. 74. 74. 74. 74. 74. 74. 74. 74. 74.]
[76. 76. 76. 76. 76. 76. 76. 76. 76. 76. 76. 76. 76. 76. 76. 76. 76. 76.
 76. 76. 76. 76. 76. 76. 76. 76. 76. 76. 76. 76. 76. 76. 76. 76. 76. 76.
 76. 76. 76. 76. 76. 76. 76. 76. 76. 76.]
[78. 78. 78. 78. 78. 78. 78. 78. 78. 78. 78. 78. 78. 78. 78. 78. 78. 78.
 78. 78. 78. 78. 78. 78. 78. 78. 78. 78. 78. 78. 78. 78. 78. 78. 78. 78.
 78. 78. 78. 78. 78. 78. 78. 78. 78. 78.]
[80. 80. 80. 80. 80. 80. 80. 80. 80. 80. 80. 80. 80. 80. 80. 80. 80. 80.
 80. 80. 80. 80. 80. 80. 80. 80. 80. 80. 80. 80. 80. 80. 80. 80. 80. 80.
 80. 80. 80. 80. 80. 80. 80. 80. 80. 80.]
[82. 82. 82. 82. 82. 82. 82. 82. 82. 82. 82. 82. 82. 82. 82. 82. 82. 82.
 82. 82. 82. 82. 82. 82. 82. 82. 82. 82. 82. 82. 82. 82. 82. 82. 82. 82.
 82. 82. 82. 82. 82. 82. 82. 82. 82. 82.]
[84. 84. 84. 84. 84. 84. 84. 84. 84. 84. 84. 84. 84. 84. 84. 84. 84. 84.
 84. 84. 84. 84. 84. 84. 84. 84. 84. 84. 84. 84. 84. 84. 84. 84. 84. 84.
 84. 84. 84. 84. 84. 84. 84. 84. 84. 84.]
[86. 86. 86. 86. 86. 86. 86. 86. 86. 86. 86. 86. 86. 86. 86. 86. 86. 86.
 86. 86. 86. 86. 86. 86. 86. 86. 86. 86. 86. 86. 86. 86. 86. 86. 86. 86.
 86. 86. 86. 86. 86. 86. 86. 86. 86. 86.]
[88. 88. 88. 88. 88. 88. 88. 88. 88. 88. 88. 88. 88. 88. 88. 88. 88. 88.
 88. 88. 88. 88. 88. 88. 88. 88. 88. 88. 88. 88. 88. 88. 88. 88. 88. 88.
 88. 88. 88. 88. 88. 88. 88. 88. 88. 88.]
[90. 90. 90. 90. 90. 90. 90. 90. 90. 90. 90. 90. 90. 90. 90. 90. 90. 90.
 90. 90. 90. 90. 90. 90. 90. 90. 90. 90. 90. 90. 90. 90. 90. 90. 90. 90.
 90. 90. 90. 90. 90. 90. 90. 90. 90. 90.]

RCS Phi (dBsm):
[5. 5. 5. 5. 5. 5. 5. 5. 5. 5. 5. 5. 5. 5. 5. 5. 5. 5. 5. 5. 5. 5. 5. 5.
 5. 5. 5. 5. 5. 5. 5. 5. 5. 5. 5. 5. 5. 5. 5. 5. 5. 5. 5. 5. 5. 5.]
[5. 5. 5. 5. 5. 5. 5. 5. 5. 5. 5. 5. 5. 5. 5. 5. 5. 5. 5. 5. 5. 5. 5. 5.
 5. 5. 5. 5. 5. 5. 5. 5. 5. 5. 5. 5. 5. 5. 5. 5. 5. 5. 5. 5. 5. 5.]
[5.         5.         5.         5.         5.         5.
 5.60195427 6.68101717 8.89483308 8.57070183 7.04275942 5.64503069
 5.         5.         5.         5.41612679 5.35946564 5.
 5.         5.         5.         5.         5.         5.
 5.         5.         5.         5.         5.         5.
 5.         5.         5.         5.         5.         5.
 5.         5.         5.         5.         5.         5.
 5.         5.         5.         5.        ]
[ 5.          5.          5.          5.          5.          7.0713189
  8.76077845  9.27275941 11.39432073 11.26791903  9.11794918  7.39572452
  5.          5.          5.          6.36292372  6.11996417  5.
  5.          5.          5.          5.          5.          5.
  5.          5.          5.          5.          5.          5.
  5.          5.          5.          5.          5.          5.
  5.          5.          5.          5.          5.          5.
  5.          5.          5.          5.        ]
[ 5.          5.          5.          5.          5.          8.86080855
 10.74654167 10.64799068 12.44325351 12.55262038  9.77296889  7.23674994
  5.          5.          5.          5.          5.          5.
  5.          5.          5.          5.          5.          5.
  5.          5.          5.          5.          5.          5.
  5.          5.          5.          5.          5.          5.
  5.          5.          5.          5.          5.          5.
  5.          5.          5.          5.        ]
[ 5.          5.          5.          5.          5.          9.89376524
 12.00155633 11.30831866 12.41036944 12.78131811  9.48886947  5.25468801
  5.          5.          5.          5.          5.          5.
  5.          5.          5.          5.          5.          5.
  5.          5.          5.          5.          5.          5.
  5.          5.          5.          5.          5.          5.
  5.          5.          5.          5.          5.          5.
  5.          5.          5.          5.        ]
[ 5.          5.          5.          5.          5.80605766 10.34799485
 12.69999088 11.51359394 11.35295565 11.96108301  8.44074367  5.
  5.          5.          5.          5.          5.          5.
  5.          5.          5.          5.          5.          5.
  5.          5.          5.          5.          5.          5.
  5.          5.          5.          5.          5.          5.
  5.          5.          5.          5.          5.          5.
  5.          5.          5.          5.        ]
[ 5.          5.          5.          5.23323015  6.37539507 10.29653129
 12.9040475  11.42242169  9.15254367  9.78340533  6.50859214  5.
  5.          5.          5.          5.          5.          5.
  5.          5.          5.          5.          5.          5.
  5.          5.          5.          5.          5.          5.
  5.          5.          5.          5.          5.          5.
  5.          5.          5.          5.          5.          5.
  5.          5.          5.          5.        ]
[ 5.          5.          5.          6.08083239  6.8024003   9.75782822
 12.60783872 11.10096616  5.70122704  5.13598207  5.          5.
  5.          5.          5.          5.32793301  6.24787455  5.
  5.          5.          5.          5.          5.          5.
  5.          5.          5.          5.          5.          5.
  5.          5.          5.          5.          5.          5.
  5.          5.          5.          5.          5.          5.
  5.          5.          5.          5.        ]
[ 5.          5.          5.          6.72978727  7.16677714  8.71949045
 11.74134558 10.49516627  5.          5.          5.          5.
  5.          5.          5.          5.          5.92965677  5.
  5.          5.          5.          5.          5.          5.
  5.          5.          5.          5.          5.          5.
  5.          5.          5.          5.          5.          5.
  5.          5.          5.          5.          5.          5.
  5.          5.          5.          5.        ]
[ 5.          5.          5.          7.19926693  7.51713662  7.17360024
 10.13878923  9.40733321  5.          5.          5.          5.
  5.          5.          5.          5.          5.          5.
  5.          5.          5.          5.          5.          5.
  5.          5.          5.          5.          5.          5.
  5.          5.          5.          5.          5.          5.
  5.          5.          5.          5.          5.          5.
  5.          5.          5.          5.        ]
[5.         5.         5.         7.49825741 7.86484489 5.24529627
 7.42214207 7.4422041  6.55639524 8.15136526 5.72720496 5.
 5.         5.         5.         5.         5.         5.
 5.         5.         5.         5.         5.         5.
 5.         5.         5.         5.         5.         5.
 5.         5.         5.         5.         5.         5.
 5.         5.         5.         5.         5.         5.
 5.         5.         5.         5.        ]
[ 5.          5.          5.          7.6280268   8.18616826  5.
  5.          5.          7.30177382 10.61625261  9.1133283   5.
  5.          5.          5.          5.          5.          5.
  5.          5.          5.          5.          5.          5.
  5.          5.          5.          5.          5.          5.
  5.          5.          5.          5.          5.          5.
  5.          5.          5.          5.          5.          5.
  5.          5.          5.          5.        ]
[ 5.          5.          5.          7.58311826  8.43382395  5.
  5.          5.          6.4232308  11.13539139 10.49434139  5.
  5.          5.          5.          5.          5.036707    5.
  5.          5.          5.          5.          5.          5.
  5.          5.          5.          5.          5.          5.
  5.          5.          5.          5.          5.          5.
  5.          5.          5.          5.          5.          5.
  5.          5.          5.          5.        ]
[ 5.          5.          5.          7.35118295  8.55048301  5.
  5.          5.          5.          9.94898164 10.17628848  5.47676667
  5.          5.          5.          5.          5.          5.
  5.          5.          5.          5.          5.          5.
  5.          5.          5.          5.          5.          5.
  5.          5.          5.          5.          5.          5.
  5.          5.          5.          5.          5.          5.
  5.          5.          5.          5.        ]
[5.         5.         5.         6.91154886 8.47680178 6.28114121
 5.34140403 5.57775267 5.         6.63165192 7.8041927  5.
 5.         5.         5.         5.         5.         5.
 5.         5.         5.         5.         5.         5.
 5.         5.         5.         5.         5.         5.
 5.         5.         5.         5.         5.         5.
 5.         5.         5.         5.         5.         5.
 5.         5.         5.         5.        ]
[5.         5.         5.         6.23193144 8.15162407 7.30652362
 8.3272687  9.32905224 6.45402586 5.         5.         5.
 5.         5.         5.         5.         5.         5.
 5.         5.         5.         5.         5.         5.
 5.         5.         5.         5.         5.         5.
 5.         5.         5.         5.         5.         5.
 5.         5.         5.         5.         5.         5.
 5.         5.         5.         5.        ]
[ 5.          5.          5.          5.26175601  7.50480098  7.70814074
  9.76565744 11.27602294  9.5242614   5.          5.          5.
  5.          5.          5.          5.          5.          5.
  5.          5.          5.          5.          5.          5.
  5.          5.          5.          5.          5.          5.
  5.          5.          5.          5.          5.          5.
  5.          5.          5.          5.          5.          5.
  5.          5.          5.          5.        ]
[ 5.          5.          5.          5.          6.44117339  7.43041624
 10.11746781 12.00126032 11.17540205  7.84574054  5.          5.
  5.          5.          5.          5.          5.          5.
  5.          5.          5.          5.          5.          5.
  5.          5.          5.          5.          5.          5.
  5.          5.          5.          5.          5.          5.
  5.          5.          5.          5.          5.          5.
  5.          5.          5.          5.        ]
[ 5.          5.          5.          5.          5.          6.36900301
  9.46422098 11.62563367 11.44962102  9.64759435  8.10122388  5.75522069
  5.          5.          5.          5.          5.          5.
  5.          5.          5.          5.          5.          5.
  5.          5.          5.          5.          5.          5.
  5.          5.          5.          5.          5.          5.
  5.          5.          5.          5.          5.          5.
  5.          5.          5.          5.        ]
[ 5.          5.          5.          5.          5.          5.
  7.6213183   9.98163726 10.24170919  9.27112118  8.42677011  6.47257693
  5.          5.          5.          5.          5.          5.
  5.          5.          5.          5.          5.          5.
  5.          5.          5.          5.          5.          5.
  5.          5.          5.          5.          5.          5.
  5.          5.          5.          5.          5.          5.
  5.          5.          5.          5.        ]
[5.         5.         5.         5.         5.         5.
 5.         6.36583615 6.8949316  6.37854323 5.88458368 5.
 5.         5.         5.         5.         5.         5.
 5.         5.         5.         5.         5.         5.
 5.         5.         5.         5.         5.         5.
 5.         5.         5.         5.         5.         5.
 5.         5.         5.         5.         5.         5.
 5.         5.         5.         5.        ]
[5. 5. 5. 5. 5. 5. 5. 5. 5. 5. 5. 5. 5. 5. 5. 5. 5. 5. 5. 5. 5. 5. 5. 5.
 5. 5. 5. 5. 5. 5. 5. 5. 5. 5. 5. 5. 5. 5. 5. 5. 5. 5. 5. 5. 5. 5.]
[5. 5. 5. 5. 5. 5. 5. 5. 5. 5. 5. 5. 5. 5. 5. 5. 5. 5. 5. 5. 5. 5. 5. 5.
 5. 5. 5. 5. 5. 5. 5. 5. 5. 5. 5. 5. 5. 5. 5. 5. 5. 5. 5. 5. 5. 5.]
[5.         5.         5.         5.         5.         5.
 5.         6.36583615 6.8949316  6.37854323 5.88458368 5.
 5.         5.         5.         5.         5.         5.
 5.         5.         5.         5.         5.         5.
 5.         5.         5.         5.         5.         5.
 5.         5.         5.         5.         5.         5.
 5.         5.         5.         5.         5.         5.
 5.         5.         5.         5.        ]
[ 5.          5.          5.          5.          5.          5.
  7.6213183   9.98163727 10.24170919  9.27112118  8.42677011  6.47257693
  5.          5.          5.          5.          5.          5.
  5.          5.          5.          5.          5.          5.
  5.          5.          5.          5.          5.          5.
  5.          5.          5.          5.          5.          5.
  5.          5.          5.          5.          5.          5.
  5.          5.          5.          5.        ]
[ 5.          5.          5.          5.          5.          6.36900301
  9.46422098 11.62563367 11.44962102  9.64759435  8.10122388  5.75522069
  5.          5.          5.          5.          5.          5.
  5.          5.          5.          5.          5.          5.
  5.          5.          5.          5.          5.          5.
  5.          5.          5.          5.          5.          5.
  5.          5.          5.          5.          5.          5.
  5.          5.          5.          5.        ]
[ 5.          5.          5.          5.          6.44117339  7.43041624
 10.11746781 12.00126032 11.17540205  7.84574054  5.          5.
  5.          5.          5.          5.          5.          5.
  5.          5.          5.          5.          5.          5.
  5.          5.          5.          5.          5.          5.
  5.          5.          5.          5.          5.          5.
  5.          5.          5.          5.          5.          5.
  5.          5.          5.          5.        ]
[ 5.          5.          5.          5.26175602  7.50480098  7.70814074
  9.76565744 11.27602294  9.5242614   5.          5.          5.
  5.          5.          5.          5.          5.          5.
  5.          5.          5.          5.          5.          5.
  5.          5.          5.          5.          5.          5.
  5.          5.          5.          5.          5.          5.
  5.          5.          5.          5.          5.          5.
  5.          5.          5.          5.        ]
[5.         5.         5.         6.23193144 8.15162406 7.30652362
 8.3272687  9.32905224 6.45402586 5.         5.         5.
 5.         5.         5.         5.         5.         5.
 5.         5.         5.         5.         5.         5.
 5.         5.         5.         5.         5.         5.
 5.         5.         5.         5.         5.         5.
 5.         5.         5.         5.         5.         5.
 5.         5.         5.         5.        ]
[5.         5.         5.         6.91154886 8.47680178 6.28114121
 5.34140403 5.57775267 5.         6.63165193 7.8041927  5.
 5.         5.         5.         5.         5.         5.
 5.         5.         5.         5.         5.         5.
 5.         5.         5.         5.         5.         5.
 5.         5.         5.         5.         5.         5.
 5.         5.         5.         5.         5.         5.
 5.         5.         5.         5.        ]
[ 5.          5.          5.          7.35118295  8.550483    5.
  5.          5.          5.          9.94898164 10.17628848  5.47676667
  5.          5.          5.          5.          5.          5.
  5.          5.          5.          5.          5.          5.
  5.          5.          5.          5.          5.          5.
  5.          5.          5.          5.          5.          5.
  5.          5.          5.          5.          5.          5.
  5.          5.          5.          5.        ]
[ 5.          5.          5.          7.58311827  8.43382395  5.
  5.          5.          6.42323081 11.13539139 10.49434139  5.
  5.          5.          5.          5.          5.036707    5.
  5.          5.          5.          5.          5.          5.
  5.          5.          5.          5.          5.          5.
  5.          5.          5.          5.          5.          5.
  5.          5.          5.          5.          5.          5.
  5.          5.          5.          5.        ]
[ 5.          5.          5.          7.62802681  8.18616825  5.
  5.          5.          7.30177382 10.61625261  9.1133283   5.
  5.          5.          5.          5.          5.          5.
  5.          5.          5.          5.          5.          5.
  5.          5.          5.          5.          5.          5.
  5.          5.          5.          5.          5.          5.
  5.          5.          5.          5.          5.          5.
  5.          5.          5.          5.        ]
[5.         5.         5.         7.49825741 7.86484488 5.24529627
 7.42214207 7.4422041  6.55639524 8.15136526 5.72720496 5.
 5.         5.         5.         5.         5.         5.
 5.         5.         5.         5.         5.         5.
 5.         5.         5.         5.         5.         5.
 5.         5.         5.         5.         5.         5.
 5.         5.         5.         5.         5.         5.
 5.         5.         5.         5.        ]
[ 5.          5.          5.          7.19926693  7.51713661  7.17360024
 10.13878923  9.40733321  5.          5.          5.          5.
  5.          5.          5.          5.          5.          5.
  5.          5.          5.          5.          5.          5.
  5.          5.          5.          5.          5.          5.
  5.          5.          5.          5.          5.          5.
  5.          5.          5.          5.          5.          5.
  5.          5.          5.          5.        ]
[ 5.          5.          5.          6.72978727  7.16677714  8.71949046
 11.74134558 10.49516627  5.          5.          5.          5.
  5.          5.          5.          5.          5.92965677  5.
  5.          5.          5.          5.          5.          5.
  5.          5.          5.          5.          5.          5.
  5.          5.          5.          5.          5.          5.
  5.          5.          5.          5.          5.          5.
  5.          5.          5.          5.        ]
[ 5.          5.          5.          6.08083239  6.8024003   9.75782823
 12.60783872 11.10096616  5.70122705  5.13598207  5.          5.
  5.          5.          5.          5.32793301  6.24787455  5.
  5.          5.          5.          5.          5.          5.
  5.          5.          5.          5.          5.          5.
  5.          5.          5.          5.          5.          5.
  5.          5.          5.          5.          5.          5.
  5.          5.          5.          5.        ]
[ 5.          5.          5.          5.23323015  6.37539507 10.2965313
 12.9040475  11.42242169  9.15254368  9.78340533  6.50859214  5.
  5.          5.          5.          5.          5.          5.
  5.          5.          5.          5.          5.          5.
  5.          5.          5.          5.          5.          5.
  5.          5.          5.          5.          5.          5.
  5.          5.          5.          5.          5.          5.
  5.          5.          5.          5.        ]
[ 5.          5.          5.          5.          5.80605766 10.34799485
 12.69999088 11.51359395 11.35295566 11.96108301  8.44074367  5.
  5.          5.          5.          5.          5.          5.
  5.          5.          5.          5.          5.          5.
  5.          5.          5.          5.          5.          5.
  5.          5.          5.          5.          5.          5.
  5.          5.          5.          5.          5.          5.
  5.          5.          5.          5.        ]
[ 5.          5.          5.          5.          5.          9.89376525
 12.00155633 11.30831866 12.41036944 12.78131811  9.48886948  5.25468801
  5.          5.          5.          5.          5.          5.
  5.          5.          5.          5.          5.          5.
  5.          5.          5.          5.          5.          5.
  5.          5.          5.          5.          5.          5.
  5.          5.          5.          5.          5.          5.
  5.          5.          5.          5.        ]
[ 5.          5.          5.          5.          5.          8.86080856
 10.74654167 10.64799068 12.44325351 12.55262038  9.7729689   7.23674994
  5.          5.          5.          5.          5.          5.
  5.          5.          5.          5.          5.          5.
  5.          5.          5.          5.          5.          5.
  5.          5.          5.          5.          5.          5.
  5.          5.          5.          5.          5.          5.
  5.          5.          5.          5.        ]
[ 5.          5.          5.          5.          5.          7.07131891
  8.76077845  9.27275942 11.39432074 11.26791903  9.11794919  7.39572452
  5.          5.          5.          6.36292372  6.11996417  5.
  5.          5.          5.          5.          5.          5.
  5.          5.          5.          5.          5.          5.
  5.          5.          5.          5.          5.          5.
  5.          5.          5.          5.          5.          5.
  5.          5.          5.          5.        ]
[5.         5.         5.         5.         5.         5.
 5.60195427 6.68101718 8.89483308 8.57070183 7.04275943 5.64503069
 5.         5.         5.         5.41612679 5.35946565 5.
 5.         5.         5.         5.         5.         5.
 5.         5.         5.         5.         5.         5.
 5.         5.         5.         5.         5.         5.
 5.         5.         5.         5.         5.         5.
 5.         5.         5.         5.        ]
[5. 5. 5. 5. 5. 5. 5. 5. 5. 5. 5. 5. 5. 5. 5. 5. 5. 5. 5. 5. 5. 5. 5. 5.
 5. 5. 5. 5. 5. 5. 5. 5. 5. 5. 5. 5. 5. 5. 5. 5. 5. 5. 5. 5. 5. 5.]
[5. 5. 5. 5. 5. 5. 5. 5. 5. 5. 5. 5. 5. 5. 5. 5. 5. 5. 5. 5. 5. 5. 5. 5.
 5. 5. 5. 5. 5. 5. 5. 5. 5. 5. 5. 5. 5. 5. 5. 5. 5. 5. 5. 5. 5. 5.]
